1 1
2.480021 0.248069
-0.907687 0.000000
4.677362 0.467862
-1.958423 0.000000
-0.171230 0.000000
4.854545 0.485585
-3.100637 0.000000
0.924697 0.092495
-4.916577 0.000000
-1.871663 0.000000
-1.408697 0.000000
2.993521 0.299433
-2.413437 0.000000
-2.628559 0.000000
2.316630 0.231725
-2.517576 0.000000
-0.088529 0.000000
-3.032495 0.000000
0.785511 0.078572
-0.176090 0.000000
-0.408089 0.000000
3.305266 0.330616
-0.793746 0.000000
-3.761448 0.000000
-1.749771 0.000000
1.828696 0.182919
-4.067776 0.000000
2.172334 0.217292
2.596318 0.259702
4.410447 0.441164
-2.108714 0.000000
0.076339 0.007636
-1.497240 0.000000
-2.431352 0.000000
3.117917 0.311876
3.331530 0.333243
-2.576807 0.000000
-4.982721 0.000000
-0.743773 0.000000
-2.493384 0.000000
-1.854384 0.000000
2.847530 0.284830
-4.499863 0.000000
0.732179 0.073238
-4.781029 0.000000
2.816767 0.281753
3.214603 0.321547
0.130442 0.013048
4.784271 0.478556
-0.999886 0.000000
4.954352 0.495569
-0.623817 0.000000
-2.694619 0.000000
-0.839394 0.000000
0.614734 0.061490
0.555610 0.055576
-4.010698 0.000000
1.546959 0.154738
-2.272055 0.000000
3.585620 0.358659
0.957406 0.095766
0.619231 0.061940
-1.338041 0.000000
4.460166 0.446137
3.187878 0.318874
-3.220124 0.000000
2.791696 0.279245
-4.388929 0.000000
-3.202845 0.000000
-2.952076 0.000000
-1.882313 0.000000
-0.057229 0.000000
4.895454 0.489677
-1.382176 0.000000
-4.325050 0.000000
-4.885574 0.000000
-3.565410 0.000000
3.889554 0.389060
0.244868 0.024493
-3.781139 0.000000
-2.110332 0.000000
0.199220 0.019927
0.595044 0.059520
0.195049 0.019510
4.359826 0.436100
-3.790222 0.000000
-4.249341 0.000000
-4.650872 0.000000
2.756737 0.275748
-1.521396 0.000000
3.934748 0.393581
-1.285858 0.000000
4.097834 0.409894
-2.403293 0.000000
-1.825692 0.000000
2.285712 0.228633
-0.623417 0.000000
-4.033995 0.000000
2.896784 0.289756
1.173738 0.117405
-1.986071 0.000000
-3.985529 0.000000
-3.883491 0.000000
-2.090617 0.000000
-0.367705 0.000000
-3.208540 0.000000
-1.976192 0.000000
1.066885 0.106717
-4.318987 0.000000
3.268676 0.326956
2.285746 0.228636
-1.429319 0.000000
-1.532104 0.000000
-2.119210 0.000000
3.765730 0.376674
-2.172278 0.000000
-0.909432 0.000000
4.516389 0.451761
-1.823151 0.000000
-3.152695 0.000000
-2.005007 0.000000
-2.888403 0.000000
0.561447 0.056160
-2.907173 0.000000
-0.291696 0.000000
3.735756 0.373676
4.378539 0.437972
4.084887 0.408599
4.701760 0.470303
2.275323 0.227594
0.258625 0.025869
-2.284311 0.000000
3.289794 0.329068
1.375134 0.137550
0.625072 0.062524
-2.077912 0.000000
3.166594 0.316745
3.648880 0.364986
3.988973 0.399005
3.847607 0.384864
1.917556 0.191807
1.274719 0.127506
-2.581712 0.000000
-4.614548 0.000000
4.155509 0.415663
-3.815982 0.000000
-1.786826 0.000000
-1.753923 0.000000
-4.299593 0.000000
1.390023 0.139040
0.093382 0.009341
-1.304600 0.000000
3.501621 0.350256
-4.345171 0.000000
0.788227 0.078844
-1.790075 0.000000
4.390585 0.439177
0.166766 0.016681
-2.705188 0.000000
4.092345 0.409345
-2.557911 0.000000
2.553437 0.255412
-3.191966 0.000000
-4.268118 0.000000
-1.071429 0.000000
2.433106 0.243376
-1.346029 0.000000
-2.904836 0.000000
1.081986 0.108228
-2.357056 0.000000
-4.057228 0.000000
-2.000457 0.000000
3.917663 0.391872
-1.638940 0.000000
-1.615005 0.000000
3.073172 0.307400
-0.454922 0.000000
1.598169 0.159860
-3.680751 0.000000
0.245486 0.024555
-2.011808 0.000000
1.412631 0.141301
3.940885 0.394195
-3.510187 0.000000
2.067460 0.206802
-0.270888 0.000000
-0.300262 0.000000
1.458045 0.145844
4.895878 0.489720
1.994549 0.199509
0.550390 0.055054
-2.662034 0.000000
-0.452014 0.000000
2.358424 0.235906
-1.930151 0.000000
3.476557 0.347749
-0.208470 0.000000
1.723819 0.172428
-4.428279 0.000000
-4.126483 0.000000
4.366763 0.436794
-3.485507 0.000000
-1.126941 0.000000
3.284426 0.328531
-0.124447 0.000000
2.258054 0.225866
1.357598 0.135796
4.420631 0.442182
-1.143777 0.000000
2.676848 0.267757
-0.333883 0.000000
1.844415 0.184491
-0.910521 0.000000
-1.392998 0.000000
3.334228 0.333513
-3.843061 0.000000
3.336114 0.333701
-1.966034 0.000000
2.614984 0.261569
3.231991 0.323286
-4.971485 0.000000
-1.834626 0.000000
-4.430042 0.000000
-0.423499 0.000000
-4.476202 0.000000
-1.360194 0.000000
-1.946942 0.000000
0.315328 0.031541
-4.636374 0.000000
-1.375221 0.000000
1.188845 0.118917
4.730389 0.473166
0.139272 0.013931
-4.938096 0.000000
3.014815 0.301563
-4.985175 0.000000
2.319959 0.232058
-0.627586 0.000000
4.435456 0.443665
-3.823818 0.000000
-2.950739 0.000000
-0.898428 0.000000
3.020597 0.302141
1.138740 0.113905
2.708574 0.270930
1.354825 0.135519
2.295679 0.229630
1.044688 0.104497
4.388791 0.438997
-0.089337 0.000000
-0.723321 0.000000
4.417306 0.441850
3.076037 0.307687
-0.153363 0.000000
-1.006192 0.000000
3.599835 0.360081
3.486443 0.348738
2.046865 0.204742
-1.084836 0.000000
3.850069 0.385111
-4.328355 0.000000
-4.895992 0.000000
3.580458 0.358142
0.810917 0.081114
-4.834087 0.000000
1.595273 0.159570
0.825741 0.082596
2.485871 0.248654
-4.032314 0.000000
0.261197 0.026127
3.662053 0.366304
-1.983052 0.000000
4.362769 0.436395
1.682650 0.168310
4.155688 0.415681
2.071343 0.207190
-1.962525 0.000000
1.451367 0.145176
-1.883969 0.000000
-2.573734 0.000000
-3.637969 0.000000
2.392711 0.239336
-3.156427 0.000000
4.438068 0.443926
-2.760652 0.000000
0.837380 0.083761
3.037904 0.303872
-4.274209 0.000000
-2.115754 0.000000
-3.046933 0.000000
4.575860 0.457709
-1.444110 0.000000
-2.942924 0.000000
3.156318 0.315717
4.366807 0.436798
-2.777012 0.000000
-0.248409 0.000000
0.192548 0.019260
4.708859 0.471013
0.719277 0.071947
-4.546255 0.000000
3.370912 0.337182
3.736225 0.373723
4.816515 0.481781
0.053562 0.005358
2.891913 0.289269
1.887858 0.188837
3.091037 0.309187
-0.656720 0.000000
-4.996111 0.000000
-4.482696 0.000000
0.705311 0.070550
2.396600 0.239725
-2.639124 0.000000
0.143379 0.014342
4.635948 0.463720
3.198256 0.319912
-1.818717 0.000000
-4.638261 0.000000
-3.917498 0.000000
0.134350 0.013439
4.937599 0.493893
-0.361607 0.000000
2.191425 0.219202
3.093917 0.309475
-0.994800 0.000000
4.414413 0.441560
-2.154492 0.000000
4.197748 0.419888
4.123272 0.412438
3.564785 0.356575
4.651493 0.465275
2.494184 0.249486
2.301009 0.230163
4.468008 0.446921
-2.452254 0.000000
0.192922 0.019297
1.355866 0.135623
-4.361217 0.000000
4.536202 0.453742
1.359756 0.136012
-3.843913 0.000000
0.241513 0.024158
-1.243644 0.000000
-1.483037 0.000000
-4.615108 0.000000
-1.607696 0.000000
-3.284780 0.000000
-1.433825 0.000000
-1.245957 0.000000
-2.202278 0.000000
3.700524 0.370152
-1.308358 0.000000
2.436114 0.243677
0.891950 0.089219
-3.214441 0.000000
-3.558686 0.000000
0.306363 0.030645
-0.368933 0.000000
-4.360938 0.000000
-0.570365 0.000000
-1.804149 0.000000
-4.709445 0.000000
-3.076181 0.000000
-4.503139 0.000000
4.758564 0.475985
-0.528434 0.000000
0.689783 0.068997
1.114430 0.111473
0.110349 0.011038
0.225985 0.022605
-2.525814 0.000000
1.266436 0.126678
-4.532502 0.000000
1.230542 0.123087
4.783399 0.478469
-4.147609 0.000000
4.622846 0.462409
-3.501382 0.000000
-0.581435 0.000000
-1.623111 0.000000
-0.703660 0.000000
-1.880910 0.000000
2.068531 0.206909
-3.267546 0.000000
4.011039 0.401212
3.854090 0.385513
-1.826232 0.000000
-0.682598 0.000000
-1.514843 0.000000
-1.187170 0.000000
3.747037 0.374805
1.681008 0.168146
-0.896615 0.000000
-4.329144 0.000000
2.177869 0.217846
-1.138051 0.000000
0.142422 0.014246
-2.132348 0.000000
4.976379 0.497772
-4.747229 0.000000
3.093637 0.309447
-2.549435 0.000000
1.519207 0.151962
3.561135 0.356209
3.681107 0.368210
1.302605 0.130296
4.413526 0.441472
3.303952 0.330484
2.801224 0.280198
-1.167909 0.000000
-3.319159 0.000000
-2.902436 0.000000
1.951181 0.195171
3.749372 0.375038
-1.169982 0.000000
0.962220 0.096248
2.603463 0.260416
2.003786 0.200433
-4.720378 0.000000
-3.911380 0.000000
-4.183384 0.000000
4.026659 0.402774
2.769628 0.277037
-0.079999 0.000000
4.697515 0.469878
-0.052503 0.000000
3.781951 0.378297
-0.160063 0.000000
2.815149 0.281591
3.758330 0.375934
0.092708 0.009273
0.908785 0.090903
-3.791106 0.000000
-3.388085 0.000000
-0.530079 0.000000
4.890001 0.489132
2.914520 0.291531
-1.116554 0.000000
3.193953 0.319481
0.715744 0.071594
2.715537 0.271627
4.874795 0.487611
2.813307 0.281407
-0.333282 0.000000
3.624167 0.362514
-3.356675 0.000000
-4.371062 0.000000
1.227630 0.122796
3.647111 0.364809
-4.091441 0.000000
2.316249 0.231687
4.463727 0.446493
4.935218 0.493655
0.085877 0.008590
-0.616272 0.000000
4.632733 0.463398
-4.966626 0.000000
-1.834321 0.000000
-0.527330 0.000000
2.848522 0.284929
-3.075991 0.000000
4.565378 0.456661
-1.242692 0.000000
-1.867097 0.000000
-3.822707 0.000000
3.227228 0.322810
-1.977096 0.000000
4.091813 0.409292
-2.889325 0.000000
-3.783142 0.000000
-0.192444 0.000000
4.826212 0.482751
-3.908348 0.000000
-2.379137 0.000000
-0.507070 0.000000
4.715819 0.471709
-0.735812 0.000000
0.121867 0.012190
0.943449 0.094370
-2.088701 0.000000
1.030427 0.103070
-1.740302 0.000000
-2.624974 0.000000
0.965644 0.096590
3.345575 0.334648
1.758755 0.175923
0.598377 0.059854
3.378949 0.337986
4.924434 0.492576
-4.928953 0.000000
1.227471 0.122780
-3.151558 0.000000
4.636426 0.463768
4.984779 0.498612
-0.018654 0.000000
-4.186282 0.000000
3.212007 0.321287
3.004250 0.300506
4.905531 0.490685
-4.677318 0.000000
4.221108 0.422225
-0.286912 0.000000
-4.851106 0.000000
-4.687240 0.000000
2.333951 0.233458
-0.358176 0.000000
-4.971421 0.000000
-3.401861 0.000000
4.763691 0.476498
0.972028 0.097229
-0.490561 0.000000
0.794118 0.079433
4.231726 0.423287
1.884465 0.188497
-3.240238 0.000000
2.577301 0.257800
-1.356780 0.000000
2.358140 0.235878
0.956250 0.095651
-1.432347 0.000000
2.429187 0.242984
-2.816279 0.000000
0.416096 0.041621
2.065613 0.206617
-2.831500 0.000000
-4.602558 0.000000
2.879331 0.288011
-4.619493 0.000000
3.401692 0.340261
2.784862 0.278561
-4.296810 0.000000
2.622799 0.262351
-2.502050 0.000000
-4.147916 0.000000
2.935559 0.293635
4.831901 0.483320
0.493908 0.049404
2.964138 0.296494
-3.569960 0.000000
0.257599 0.025767
-1.063834 0.000000
0.939479 0.093973
-3.948283 0.000000
-1.832109 0.000000
-2.176056 0.000000
-2.188520 0.000000
-4.254808 0.000000
1.467163 0.146756
-4.830381 0.000000
1.701442 0.170190
-4.965183 0.000000
2.598806 0.259951
3.885163 0.388621
0.450913 0.045103
-0.335582 0.000000
-3.946337 0.000000
0.848354 0.084858
-2.456251 0.000000
-3.565830 0.000000
-0.749954 0.000000
-4.671388 0.000000
-2.862640 0.000000
-3.127155 0.000000
-2.173439 0.000000
-2.010556 0.000000
4.808404 0.480970
-2.341538 0.000000
3.483351 0.348429
2.772542 0.277329
-0.911498 0.000000
-1.259049 0.000000
-3.291293 0.000000
-4.972019 0.000000
-0.207332 0.000000
-0.123401 0.000000
-2.148076 0.000000
2.604148 0.260485
0.621791 0.062196
4.319087 0.432025
2.773767 0.277451
-2.676767 0.000000
4.353904 0.435508
0.372573 0.037267
-3.791605 0.000000
-0.195183 0.000000
-4.963009 0.000000
-2.737942 0.000000
-4.346829 0.000000
-2.419259 0.000000
-1.303772 0.000000
-0.096783 0.000000
-2.090648 0.000000
0.833588 0.083381
1.776062 0.177654
0.735913 0.073611
3.823032 0.382406
1.584465 0.158489
3.394375 0.339529
2.306383 0.230700
-0.642993 0.000000
-2.517123 0.000000
-3.952666 0.000000
1.065715 0.106600
-2.489142 0.000000
0.840002 0.084023
-4.057687 0.000000
0.362782 0.036288
-1.555851 0.000000
1.564104 0.156453
-0.318131 0.000000
-3.782084 0.000000
3.887337 0.388838
-0.964227 0.000000
1.590489 0.159092
-4.904268 0.000000
3.840590 0.384162
1.627480 0.162792
-2.642209 0.000000
4.493761 0.449497
4.208220 0.420935
1.054019 0.105430
-0.603023 0.000000
-2.882428 0.000000
-3.112393 0.000000
-3.826961 0.000000
2.853486 0.285425
-4.289361 0.000000
2.757504 0.275825
1.247861 0.124820
3.017022 0.301783
-2.885489 0.000000
3.730738 0.373174
4.064356 0.406545
3.180226 0.318108
-3.758404 0.000000
-0.095643 0.000000
4.122539 0.412365
1.604378 0.160481
3.348507 0.334941
0.686643 0.068683
-3.713753 0.000000
4.566423 0.456765
-0.426020 0.000000
0.322020 0.032211
1.156912 0.115722
-0.330287 0.000000
-0.837390 0.000000
-2.215609 0.000000
2.027503 0.202805
-1.343629 0.000000
-3.007388 0.000000
-1.918478 0.000000
3.053348 0.305417
-0.889816 0.000000
-0.030871 0.000000
4.226386 0.422753
-3.036330 0.000000
0.679768 0.067995
1.983891 0.198443
3.211531 0.321240
-1.303210 0.000000
4.098402 0.409951
1.942270 0.194279
-2.238855 0.000000
2.278628 0.227924
3.183866 0.318472
2.665503 0.266622
1.401167 0.140154
-0.211756 0.000000
1.014009 0.101428
-2.912190 0.000000
1.074491 0.107478
0.580432 0.058059
1.661790 0.166224
-3.603489 0.000000
-3.262656 0.000000
-3.668497 0.000000
0.559121 0.055927
-0.478265 0.000000
3.359006 0.335991
4.215492 0.421663
1.514347 0.151475
-3.559472 0.000000
2.268840 0.226945
-4.375469 0.000000
1.409658 0.141004
1.495226 0.149563
-2.411799 0.000000
-2.910574 0.000000
-1.520883 0.000000
-4.200268 0.000000
0.786215 0.078643
-2.422481 0.000000
2.742002 0.274274
3.547360 0.354832
4.856146 0.485745
0.925868 0.092612
1.212863 0.121319
1.257313 0.125765
-4.285888 0.000000
-2.773128 0.000000
3.345123 0.334602
1.788603 0.178908
2.807304 0.280806
0.006913 0.000691
3.185114 0.318597
4.544648 0.454587
1.338416 0.133878
-1.255765 0.000000
-0.933617 0.000000
-0.302578 0.000000
-2.040272 0.000000
-4.419270 0.000000
1.137950 0.113826
-4.771433 0.000000
-3.794739 0.000000
-2.452392 0.000000
1.723794 0.172426
-1.206538 0.000000
-0.362967 0.000000
-4.797089 0.000000
-0.406806 0.000000
-4.576751 0.000000
-2.219571 0.000000
-2.664804 0.000000
3.970609 0.397168
-2.363425 0.000000
3.261064 0.326194
0.183471 0.018352
3.893888 0.389494
3.975175 0.397625
2.410343 0.241099
2.239010 0.223961
0.763778 0.076398
0.217648 0.021771
-2.754077 0.000000
-1.051108 0.000000
-0.237704 0.000000
3.584339 0.358530
2.693127 0.269385
3.828679 0.382971
-1.718239 0.000000
-4.347145 0.000000
4.409408 0.441060
4.419711 0.442090
-4.118578 0.000000
-4.385331 0.000000
-3.032681 0.000000
2.605216 0.260592
-0.591869 0.000000
1.604352 0.160478
2.808127 0.280888
4.001324 0.400240
2.027601 0.202815
-4.411444 0.000000
-3.663480 0.000000
0.998210 0.099848
-1.774869 0.000000
4.597584 0.459882
-3.818319 0.000000
-2.880981 0.000000
3.572759 0.357372
3.592025 0.359299
4.358029 0.435920
-0.663463 0.000000
-1.190328 0.000000
-3.396048 0.000000
3.285428 0.328631
3.571968 0.357293
-4.811709 0.000000
0.978556 0.097882
2.400646 0.240129
-1.529948 0.000000
1.631411 0.163185
1.810055 0.181054
-2.110237 0.000000
2.512833 0.251351
2.424724 0.242538
-0.142918 0.000000
0.118049 0.011808
-3.167146 0.000000
-3.538566 0.000000
-2.073825 0.000000
-4.165821 0.000000
3.489035 0.348998
-1.485269 0.000000
-2.829301 0.000000
-0.512756 0.000000
1.739862 0.174033
-3.231717 0.000000
0.668926 0.066911
3.858881 0.385992
-4.658959 0.000000
-0.739050 0.000000
3.216910 0.321778
-0.322422 0.000000
3.070622 0.307145
4.820862 0.482216
-2.036993 0.000000
1.642590 0.164303
-4.990846 0.000000
3.941562 0.394262
-0.956763 0.000000
-1.520795 0.000000
0.572973 0.057313
-4.146708 0.000000
1.368968 0.136934
-1.914194 0.000000
3.278015 0.327890
-3.773950 0.000000
3.203855 0.320472
-4.889130 0.000000
-2.312516 0.000000
-3.869969 0.000000
-4.054951 0.000000
-3.823481 0.000000
-0.355238 0.000000
-1.884252 0.000000
0.663763 0.066394
-3.615376 0.000000
-0.115970 0.000000
-3.667311 0.000000
-4.756495 0.000000
0.225072 0.022513
0.593639 0.059380
3.460414 0.346135
4.902650 0.490397
-1.335739 0.000000
3.281277 0.328216
-2.134344 0.000000
-4.693148 0.000000
3.290430 0.329132
-3.192781 0.000000
-0.649912 0.000000
-3.230364 0.000000
2.380192 0.238083
0.203380 0.020343
3.138604 0.313945
-4.534002 0.000000
-1.518605 0.000000
4.364654 0.436583
3.669853 0.367084
-1.407735 0.000000
-2.947862 0.000000
4.799884 0.480118
-0.462686 0.000000
-1.771343 0.000000
-0.555354 0.000000
2.653061 0.265378
3.892420 0.389347
0.829270 0.082949
-2.462908 0.000000
-4.774891 0.000000
1.072774 0.107306
2.762163 0.276291
0.818748 0.081897
-0.466811 0.000000
2.664813 0.266553
4.483010 0.448422
-2.185535 0.000000
-4.469530 0.000000
4.789861 0.479115
-3.895105 0.000000
-2.662311 0.000000
-0.860050 0.000000
-2.125469 0.000000
4.717881 0.471915
4.343329 0.434450
-3.986865 0.000000
-4.816121 0.000000
-2.175276 0.000000
-4.622211 0.000000
3.853732 0.385477
1.416989 0.141737
-2.570073 0.000000
3.653616 0.365460
-4.045697 0.000000
0.658584 0.065876
-1.901738 0.000000
3.607364 0.360834
-0.448996 0.000000
3.927532 0.392859
-3.855544 0.000000
-0.223887 0.000000
0.000306 0.000031
3.906619 0.390767
-4.405138 0.000000
4.533495 0.453472
1.571432 0.157186
-4.922129 0.000000
-2.652040 0.000000
2.101902 0.210247
4.867733 0.486904
-1.547145 0.000000
4.439590 0.444079
-0.992318 0.000000
1.327386 0.132774
4.157471 0.415859
-1.648989 0.000000
2.340521 0.234115
4.341350 0.434252
1.175736 0.117605
2.718310 0.271904
3.195082 0.319594
-2.407275 0.000000
-4.851763 0.000000
1.848699 0.184920
-1.452972 0.000000
0.806821 0.080704
4.946961 0.494829
-2.845608 0.000000
-4.642175 0.000000
3.874493 0.387554
-1.701152 0.000000
0.133938 0.013397
-1.125201 0.000000
-2.794533 0.000000
0.728799 0.072900
-1.591706 0.000000
3.776899 0.377792
0.806671 0.080689
0.756253 0.075646
0.878800 0.087904
0.674403 0.067459
4.209109 0.421024
0.318390 0.031848
4.682085 0.468335
0.536495 0.053664
-0.524139 0.000000
-1.966903 0.000000
-2.122983 0.000000
-1.182789 0.000000
4.208833 0.420997
-4.404673 0.000000
-2.987707 0.000000
-3.198442 0.000000
-4.256436 0.000000
3.860992 0.386203
0.348586 0.034868
1.550385 0.155080
3.807953 0.380898
2.502978 0.250365
1.908209 0.190872
2.682445 0.268317
-4.198175 0.000000
-2.957853 0.000000
-3.442756 0.000000
-1.992708 0.000000
2.770946 0.277169
-0.034462 0.000000
-3.215809 0.000000
-1.422383 0.000000
-4.278209 0.000000
2.662991 0.266371
4.252020 0.425317
4.930900 0.493223
-2.018619 0.000000
3.934106 0.393517
0.467395 0.046752
2.457243 0.245790
-3.032797 0.000000
3.344412 0.334531
-3.725546 0.000000
-3.823965 0.000000
3.939739 0.394080
-1.713253 0.000000
-2.022407 0.000000
4.683303 0.468456
-2.852261 0.000000
3.326179 0.332708
1.233687 0.123402
-4.044309 0.000000
0.829156 0.082938
-1.858104 0.000000
3.638137 0.363912
1.630982 0.163142
0.184043 0.018409
-4.804619 0.000000
4.638274 0.463952
-2.045011 0.000000
0.160919 0.016096
-3.577535 0.000000
1.532606 0.153302
0.882710 0.088295
4.085455 0.408656
0.784626 0.078484
0.813610 0.081383
-2.933163 0.000000
-0.281268 0.000000
-3.718995 0.000000
4.524079 0.452530
1.685935 0.168639
4.625417 0.462666
-4.201467 0.000000
2.861970 0.286274
3.565156 0.356612
-0.914720 0.000000
-4.160437 0.000000
3.248459 0.324933
1.233019 0.123335
4.165741 0.416686
-0.517854 0.000000
2.188710 0.218930
-0.005102 0.000000
2.624043 0.262475
0.826847 0.082707
-3.374120 0.000000
-2.191914 0.000000
1.022228 0.102250
-3.735847 0.000000
0.763075 0.076328
-3.816853 0.000000
-2.313382 0.000000
-2.704319 0.000000
2.065857 0.206641
-3.227927 0.000000
3.080308 0.308114
-2.120533 0.000000
-1.161090 0.000000
-2.200960 0.000000
-0.839528 0.000000
-1.637010 0.000000
4.484975 0.448618
-1.214110 0.000000
-0.838477 0.000000
2.346944 0.234758
-2.648954 0.000000
3.246803 0.324768
3.186507 0.318737
-4.400495 0.000000
-0.520178 0.000000
2.352248 0.235288
0.081651 0.008167
-3.331468 0.000000
-2.652854 0.000000
-2.294306 0.000000
2.495379 0.249605
-1.026974 0.000000
0.513780 0.051392
-1.482393 0.000000
0.237179 0.023724
-3.723145 0.000000
-0.299247 0.000000
2.923797 0.292459
-1.427464 0.000000
-3.233390 0.000000
4.695871 0.469714
-3.347156 0.000000
-0.353923 0.000000
-1.465219 0.000000
-0.548116 0.000000
3.806549 0.380758
1.897770 0.189828
-1.063142 0.000000
-2.407561 0.000000
-3.940707 0.000000
-3.716197 0.000000
-0.056515 0.000000
4.306096 0.430726
4.470310 0.447151
0.542990 0.054314
-1.214083 0.000000
1.822558 0.182305
-4.375358 0.000000
0.454449 0.045457
4.169704 0.417083
-1.669665 0.000000
-2.050172 0.000000
-1.857270 0.000000
3.844115 0.384515
1.467434 0.146783
3.379909 0.338082
-4.879030 0.000000
-3.831813 0.000000
1.303706 0.130406
-1.306494 0.000000
-2.065203 0.000000
0.999577 0.099985
0.346350 0.034644
2.580874 0.258157
4.534357 0.453558
4.798233 0.479953
1.387424 0.138780
1.432128 0.143251
-1.264909 0.000000
3.979863 0.398094
2.491420 0.249209
0.018894 0.001890
-1.076652 0.000000
1.797516 0.179800
-0.510796 0.000000
4.466338 0.446754
-4.416567 0.000000
-3.688238 0.000000
-4.909020 0.000000
1.037882 0.103816
-4.518534 0.000000
-1.578685 0.000000
3.987710 0.398878
-1.375804 0.000000
-2.734570 0.000000
0.455144 0.045527
-2.995895 0.000000
-2.613600 0.000000
1.623332 0.162377
3.307811 0.330870
1.079906 0.108020
4.558129 0.455936
-0.692612 0.000000
-3.573744 0.000000
2.139003 0.213958
-1.158255 0.000000
-3.775511 0.000000
-1.473573 0.000000
-4.726127 0.000000
-0.040419 0.000000
-2.493710 0.000000
2.765293 0.276604
4.978475 0.497982
1.429638 0.143002
-0.437191 0.000000
-0.532322 0.000000
0.895977 0.089622
0.146243 0.014628
0.779440 0.077965
0.986956 0.098722
-3.815875 0.000000
1.260906 0.126125
4.408272 0.440946
-4.828165 0.000000
4.885101 0.488642
-3.326298 0.000000
0.626979 0.062715
-3.110794 0.000000
-0.939898 0.000000
-2.749689 0.000000
-4.802982 0.000000
-4.859991 0.000000
-3.191560 0.000000
-0.495594 0.000000
-3.433736 0.000000
3.947443 0.394851
3.346151 0.334705
-2.209246 0.000000
-2.526130 0.000000
3.620024 0.362100
2.750334 0.275108
-0.019840 0.000000
1.385317 0.138569
2.728809 0.272954
-3.590202 0.000000
-4.051874 0.000000
-2.803513 0.000000
2.305775 0.230640
1.094369 0.109466
2.975927 0.297673
-1.707269 0.000000
2.278494 0.227911
-0.763168 0.000000
-2.298997 0.000000
2.450329 0.245099
-0.878066 0.000000
-0.625295 0.000000
-1.922692 0.000000
1.011140 0.101141
3.434808 0.343573
0.327619 0.032771
1.208158 0.120848
3.574816 0.357578
2.136058 0.213663
-4.287437 0.000000
-4.858919 0.000000
1.083501 0.108379
4.058714 0.405981
-2.068166 0.000000
3.557371 0.355833
2.678738 0.267946
-4.317832 0.000000
-1.462468 0.000000
-0.935945 0.000000
3.410977 0.341190
-0.052670 0.000000
0.012181 0.001218
-4.392536 0.000000
-2.746895 0.000000
-3.893449 0.000000
3.583391 0.358436
0.545836 0.054598
3.385045 0.338596
-2.179777 0.000000
3.246839 0.324771
0.835374 0.083560
1.942157 0.194268
-2.378456 0.000000
3.912682 0.391374
-2.046703 0.000000
-3.943648 0.000000
-0.759699 0.000000
4.161455 0.416258
4.631168 0.463242
-3.623641 0.000000
4.874018 0.487533
4.772248 0.477353
2.459860 0.246052
3.932732 0.393379
-2.295918 0.000000
1.017232 0.101751
1.611470 0.161190
-1.613749 0.000000
4.554763 0.455599
-4.324475 0.000000
-3.202772 0.000000
-0.497907 0.000000
0.687706 0.068789
-2.595308 0.000000
1.755198 0.175567
1.794257 0.179474
-4.011917 0.000000
-2.698966 0.000000
0.179302 0.017935
-1.191694 0.000000
-4.452127 0.000000
-3.985325 0.000000
-4.249538 0.000000
-1.830583 0.000000
4.927357 0.492869
-1.296241 0.000000
-0.774231 0.000000
-0.832342 0.000000
-2.134786 0.000000
-1.143064 0.000000
0.544017 0.054416
-2.260768 0.000000
-1.370815 0.000000
-1.996123 0.000000
-3.328036 0.000000
1.333267 0.133363
4.021109 0.402219
3.283434 0.328432
4.719518 0.472079
3.575872 0.357684
3.958959 0.396003
-3.483254 0.000000
-1.922035 0.000000
-0.353335 0.000000
-1.078562 0.000000
4.833163 0.483447
-3.559078 0.000000
-0.090479 0.000000
-2.865803 0.000000
1.620224 0.162066
3.717826 0.371883
-2.317930 0.000000
2.634900 0.263561
4.468289 0.446949
0.851487 0.085172
2.562257 0.256295
-1.827952 0.000000
-4.922744 0.000000
-3.270085 0.000000
1.037262 0.103754
-1.065807 0.000000
2.273932 0.227454
3.776494 0.377751
2.563377 0.256407
-4.722191 0.000000
-4.551542 0.000000
-1.103355 0.000000
4.298918 0.430008
3.731892 0.373290
-1.383837 0.000000
2.874790 0.287556
2.690851 0.269158
0.132908 0.013294
-4.047245 0.000000
-2.662484 0.000000
4.054346 0.405544
-4.214082 0.000000
-1.221561 0.000000
-1.036133 0.000000
-2.079885 0.000000
-4.601337 0.000000
-2.318307 0.000000
0.602186 0.060235
3.033562 0.303438
-2.850018 0.000000
-3.546327 0.000000
0.595819 0.059598
0.322030 0.032212
-3.469071 0.000000
2.325734 0.232636
-3.640708 0.000000
0.465122 0.046525
-0.400334 0.000000
-4.864214 0.000000
-1.971501 0.000000
-0.122526 0.000000
-4.415757 0.000000
1.925144 0.192566
-0.823608 0.000000
4.316135 0.431730
-4.458694 0.000000
-2.948818 0.000000
2.006986 0.200753
0.674215 0.067440
-1.996063 0.000000
4.344502 0.434567
-0.271439 0.000000
-1.210145 0.000000
-1.877059 0.000000
3.692428 0.369342
1.709970 0.171043
-1.478397 0.000000
-3.625879 0.000000
-2.687844 0.000000
-3.444834 0.000000
-1.475897 0.000000
-1.234171 0.000000
2.150985 0.215156
3.846133 0.384717
0.296758 0.029684
-0.523281 0.000000
-4.794575 0.000000
-4.238120 0.000000
4.076384 0.407748
-4.658790 0.000000
-1.209621 0.000000
-1.046141 0.000000
-4.074546 0.000000
-4.284477 0.000000
3.130251 0.313109
-4.758411 0.000000
-3.743171 0.000000
-4.818567 0.000000
2.248575 0.224918
1.931044 0.193156
-1.814631 0.000000
1.593077 0.159351
-3.340395 0.000000
1.975224 0.197576
4.716018 0.471729
-4.647967 0.000000
-1.314806 0.000000
-1.762379 0.000000
-3.273846 0.000000
0.997351 0.099762
-0.207213 0.000000
0.250257 0.025032
4.763180 0.476446
-3.056228 0.000000
-0.903610 0.000000
0.059938 0.005995
1.420490 0.142087
-0.698186 0.000000
0.821819 0.082204
0.496875 0.049701
-0.356975 0.000000
4.612198 0.461344
4.450734 0.445193
0.568479 0.056863
-4.672279 0.000000
2.580985 0.258168
0.810068 0.081029
-3.415450 0.000000
2.762417 0.276316
-1.941357 0.000000
3.515594 0.351654
-4.052214 0.000000
4.651719 0.465297
-4.824801 0.000000
2.923011 0.292380
4.367737 0.436891
-4.472768 0.000000
-3.391795 0.000000
-2.394642 0.000000
-2.746614 0.000000
2.605556 0.260626
2.398145 0.239879
2.503643 0.250432
2.368735 0.236937
4.341916 0.434309
-3.399968 0.000000
-2.571326 0.000000
0.762406 0.076261
0.901847 0.090209
3.250492 0.325137
-3.740719 0.000000
-4.455128 0.000000
2.862690 0.286346
-4.289985 0.000000
1.113350 0.111365
3.190411 0.319127
3.290999 0.329189
-3.076582 0.000000
4.774962 0.477625
1.053417 0.105370
-0.017939 0.000000
3.290556 0.329144
2.001203 0.200174
-0.366220 0.000000
3.465755 0.346669
-0.075786 0.000000
-0.998483 0.000000
3.992987 0.399406
1.532419 0.153283
1.606875 0.160731
-3.753628 0.000000
-0.862026 0.000000
-0.994981 0.000000
3.750015 0.375103
-3.493290 0.000000
-1.653065 0.000000
-4.649953 0.000000
-1.064617 0.000000
4.109342 0.411045
1.251894 0.125223
-2.814124 0.000000
-4.631377 0.000000
1.796766 0.179725
-4.951434 0.000000
-3.921362 0.000000
-2.089883 0.000000
3.238977 0.323985
4.369638 0.437082
-0.166465 0.000000
3.013939 0.301475
0.423054 0.042317
4.815595 0.481689
1.304495 0.130485
-2.575743 0.000000
-0.550624 0.000000
-0.229750 0.000000
2.348471 0.234910
3.450893 0.345182
-1.236764 0.000000
-1.119111 0.000000
0.057768 0.005778
0.009608 0.000961
3.018864 0.301968
4.062787 0.406388
-1.240377 0.000000
4.525573 0.452679
-2.590278 0.000000
-0.890329 0.000000
-1.539043 0.000000
-3.480936 0.000000
-4.638435 0.000000
0.646833 0.064701
-3.112312 0.000000
2.158332 0.215891
0.695399 0.069559
-2.033674 0.000000
-4.931552 0.000000
-1.065624 0.000000
-2.664037 0.000000
-0.098017 0.000000
-3.051685 0.000000
2.759017 0.275976
-0.282421 0.000000
3.252810 0.325369
-4.816725 0.000000
4.166954 0.416808
-1.976941 0.000000
2.531745 0.253243
2.617847 0.261855
1.786295 0.178678
-3.587365 0.000000
-2.324386 0.000000
-3.204096 0.000000
4.431499 0.443269
-3.261599 0.000000
0.555527 0.055568
3.957072 0.395814
-0.851876 0.000000
4.665198 0.466646
-2.581971 0.000000
0.667188 0.066737
-4.973236 0.000000
3.064861 0.306569
2.554876 0.255556
2.185095 0.218568
-1.239740 0.000000
-4.478799 0.000000
2.253543 0.225415
2.694636 0.269536
-2.142835 0.000000
-2.844473 0.000000
4.642951 0.464420
-4.383818 0.000000
1.873105 0.187361
2.895760 0.289654
-4.200543 0.000000
1.040059 0.104034
-4.081181 0.000000
3.331202 0.333210
-1.342094 0.000000
2.705115 0.270584
4.743837 0.474512
1.333521 0.133388
4.501019 0.450223
4.175336 0.417646
3.071922 0.307275
0.056546 0.005656
3.132408 0.313325
-2.779955 0.000000
-0.278256 0.000000
-4.449564 0.000000
2.887234 0.288801
-0.251492 0.000000
3.615298 0.361627
0.442109 0.044223
-3.066397 0.000000
-2.624442 0.000000
0.963311 0.096357
4.187146 0.418827
-4.929806 0.000000
3.820475 0.382150
-3.657327 0.000000
4.713144 0.471441
4.436657 0.443785
3.215778 0.321664
2.608904 0.260961
-4.763886 0.000000
-0.744163 0.000000
3.527724 0.352867
3.567316 0.356828
2.913744 0.291453
1.232839 0.123317
3.311153 0.331205
-0.752736 0.000000
0.733857 0.073406
2.486489 0.248716
-2.680814 0.000000
-4.209597 0.000000
0.618896 0.061906
-0.460769 0.000000
0.512147 0.051229
1.169333 0.116965
-2.573535 0.000000
-4.739345 0.000000
-0.215370 0.000000
2.868574 0.286935
-2.805743 0.000000
2.160188 0.216077
-1.168115 0.000000
-3.618596 0.000000
2.230382 0.223098
-2.347640 0.000000
-2.275924 0.000000
1.943526 0.194405
-2.910982 0.000000
-4.060146 0.000000
-0.447570 0.000000
-2.674868 0.000000
0.195692 0.019574
-1.919846 0.000000
-4.107552 0.000000
-1.890564 0.000000
4.312993 0.431416
4.203601 0.420473
2.356700 0.235733
0.046850 0.004686
1.690090 0.169055
4.675886 0.467715
0.837253 0.083748
-2.691013 0.000000
-0.784883 0.000000
-3.650600 0.000000
3.478319 0.347926
1.641582 0.164202
-3.389945 0.000000
-1.737050 0.000000
-0.489844 0.000000
-1.195688 0.000000
-4.576862 0.000000
3.342041 0.334294
0.185716 0.018577
2.653520 0.265423
-4.005598 0.000000
2.909792 0.291058
-0.402955 0.000000
-1.916581 0.000000
3.849647 0.385068
4.149476 0.415059
0.408551 0.040866
-0.954661 0.000000
-2.770370 0.000000
1.300999 0.130135
2.154774 0.215535
-3.457377 0.000000
0.504601 0.050474
-0.488526 0.000000
1.589473 0.158990
-2.805309 0.000000
-0.812640 0.000000
-2.573273 0.000000
-0.496323 0.000000
3.402477 0.340339
-1.223873 0.000000
-2.018003 0.000000
0.044059 0.004407
0.386182 0.038629
1.244946 0.124528
4.554215 0.455544
4.190495 0.419162
1.668084 0.166853
2.896257 0.289704
-0.623789 0.000000
-0.678396 0.000000
3.890658 0.389171
-2.713997 0.000000
3.918649 0.391971
-3.025923 0.000000
-3.864350 0.000000
3.068125 0.306895
2.382628 0.238327
0.180989 0.018104
-4.702245 0.000000
-1.316373 0.000000
-2.664237 0.000000
-3.159622 0.000000
4.188228 0.418936
1.847237 0.184773
3.429852 0.343078
-3.617081 0.000000
-3.965404 0.000000
-4.143421 0.000000
0.886596 0.088684
4.437073 0.443827
-0.367294 0.000000
3.868593 0.386964
-0.518868 0.000000
-4.981112 0.000000
0.113539 0.011357
-0.964652 0.000000
4.209383 0.421052
-3.218377 0.000000
-3.068396 0.000000
-1.414406 0.000000
1.103227 0.110352
-4.177737 0.000000
0.871597 0.087183
0.021876 0.002188
-2.203660 0.000000
2.007247 0.200779
-1.909998 0.000000
-4.821032 0.000000
-2.811764 0.000000
-1.612243 0.000000
-1.137404 0.000000
-0.476001 0.000000
0.228135 0.022820
-1.949176 0.000000
-3.628764 0.000000
-1.342013 0.000000
-0.566257 0.000000
-2.594168 0.000000
-0.485434 0.000000
-4.679661 0.000000
-3.157095 0.000000
4.147272 0.414839
4.188931 0.419006
1.324037 0.132439
4.166160 0.416728
-0.697529 0.000000
-4.640615 0.000000
3.375544 0.337645
1.084094 0.108439
-2.709011 0.000000
-3.038862 0.000000
-2.812679 0.000000
-1.886749 0.000000
2.832735 0.283350
2.209197 0.220979
0.909591 0.090984
-0.160018 0.000000
-4.700801 0.000000
1.088560 0.108885
2.028218 0.202876
-1.313044 0.000000
4.951156 0.495249
-3.447783 0.000000
3.915091 0.391615
-1.998021 0.000000
-2.076548 0.000000
-2.426922 0.000000
2.435722 0.243638
0.329284 0.032937
2.087644 0.208821
2.756061 0.275680
2.172189 0.217277
1.234916 0.123525
1.944992 0.194552
-1.503774 0.000000
0.401077 0.040118
-3.752537 0.000000
-1.144389 0.000000
-1.223380 0.000000
2.331557 0.233218
1.146600 0.114691
0.737758 0.073796
4.518877 0.452010
4.259852 0.426100
-1.429507 0.000000
1.728075 0.172854
0.169443 0.016949
3.410475 0.341139
2.027274 0.202782
-3.741997 0.000000
0.438693 0.043881
-4.285770 0.000000
-3.790842 0.000000
1.990910 0.199145
4.629321 0.463057
-0.788862 0.000000
4.914362 0.491569
-2.797601 0.000000
-3.353140 0.000000
0.243646 0.024371
4.290044 0.429120
4.402920 0.440411
-2.584164 0.000000
0.524960 0.052510
1.347913 0.134828
0.912062 0.091231
-4.073963 0.000000
2.595375 0.259607
4.767673 0.476896
-0.297343 0.000000
-0.073068 0.000000
0.914273 0.091452
-4.559585 0.000000
-0.554191 0.000000
0.174125 0.017417
-0.989092 0.000000
-3.826116 0.000000
-4.656432 0.000000
-2.578616 0.000000
3.201158 0.320202
-3.398429 0.000000
2.860077 0.286085
3.915388 0.391644
-2.189271 0.000000
-0.149013 0.000000
3.544709 0.354566
2.021867 0.202241
-0.234651 0.000000
-4.252892 0.000000
3.668727 0.366972
-4.991005 0.000000
-4.962848 0.000000
3.071647 0.307248
-2.575169 0.000000
0.562112 0.056226
-0.580440 0.000000
3.336893 0.333779
1.488149 0.148855
-2.985065 0.000000
3.104566 0.310540
-3.809194 0.000000
1.941867 0.194239
-0.981161 0.000000
-3.368778 0.000000
-3.612324 0.000000
4.192964 0.419409
0.642130 0.064230
-2.438440 0.000000
4.536532 0.453775
3.063513 0.306434
-4.237282 0.000000
-3.861897 0.000000
0.923590 0.092384
4.678106 0.467937
-1.051168 0.000000
-4.225423 0.000000
3.222815 0.322368
-4.029301 0.000000
0.539926 0.054007
3.969923 0.397099
4.639426 0.464068
0.548921 0.054907
4.007075 0.400815
2.711073 0.271180
2.973752 0.297455
-0.430813 0.000000
-2.869367 0.000000
1.310645 0.131100
-3.942664 0.000000
-0.854432 0.000000
-0.584789 0.000000
-2.751857 0.000000
-3.912565 0.000000
3.434050 0.343498
-1.120636 0.000000
-2.524889 0.000000
2.627014 0.262772
4.521494 0.452271
0.036672 0.003668
2.163546 0.216413
2.585008 0.258570
0.799390 0.079961
3.301649 0.330254
-1.491402 0.000000
0.477496 0.047762
-2.749519 0.000000
-0.716825 0.000000
-1.299689 0.000000
-1.778820 0.000000
4.823100 0.482440
-2.329766 0.000000
-2.139394 0.000000
0.372021 0.037212
-3.322691 0.000000
-4.428321 0.000000
-1.654227 0.000000
1.246496 0.124683
-2.297688 0.000000
4.656418 0.465767
2.303833 0.230445
1.847879 0.184838
-0.928372 0.000000
4.551975 0.455320
2.935314 0.293611
-2.494322 0.000000
-1.568661 0.000000
-4.589575 0.000000
-4.867308 0.000000
-2.047167 0.000000
0.447097 0.044722
2.296239 0.229686
-4.462159 0.000000
-3.753513 0.000000
0.597888 0.059805
-0.953561 0.000000
1.723983 0.172445
2.848369 0.284914
3.329614 0.333051
-4.575705 0.000000
-3.930450 0.000000
3.152714 0.315356
-1.905471 0.000000
-1.069844 0.000000
-1.475264 0.000000
-0.228162 0.000000
-0.498166 0.000000
1.870509 0.187101
-3.981666 0.000000
2.204146 0.220474
1.526926 0.152734
3.322167 0.332306
-0.947975 0.000000
-4.401445 0.000000
2.874142 0.287492
-3.012660 0.000000
-1.895767 0.000000
-3.694519 0.000000
-2.602235 0.000000
-1.763075 0.000000
-0.741685 0.000000
2.844862 0.284563
-4.466836 0.000000
-0.203844 0.000000
4.091349 0.409245
1.131052 0.113136
3.842595 0.384363
0.815333 0.081555
-1.020579 0.000000
2.172209 0.217279
1.239627 0.123996
0.048971 0.004898
0.324923 0.032501
4.334156 0.433532
3.979126 0.398020
3.849658 0.385070
-0.894006 0.000000
-1.519039 0.000000
0.720167 0.072036
0.124328 0.012436
-4.314893 0.000000
-2.752907 0.000000
-1.553505 0.000000
-0.262868 0.000000
-2.154352 0.000000
-3.679363 0.000000
1.724471 0.172494
0.949881 0.095014
-2.373882 0.000000
4.122237 0.412335
4.186806 0.418793
1.884433 0.188494
1.967099 0.196763
4.719969 0.472124
-3.319412 0.000000
1.058448 0.105873
0.851021 0.085125
-4.476817 0.000000
-3.126219 0.000000
4.830442 0.483174
2.695392 0.269612
3.113408 0.311425
-0.120587 0.000000
-1.979685 0.000000
2.447564 0.244822
-1.141461 0.000000
-3.130027 0.000000
-3.446442 0.000000
2.339500 0.234013
2.590140 0.259084
1.677886 0.167834
3.024606 0.302542
4.837234 0.483854
-4.875620 0.000000
-2.238262 0.000000
-2.317118 0.000000
-3.554983 0.000000
4.486210 0.448742
3.632763 0.363374
-0.928865 0.000000
3.608446 0.360942
2.819568 0.282033
-4.044433 0.000000
0.575545 0.057570
2.539538 0.254022
-2.363844 0.000000
-3.366007 0.000000
-1.609441 0.000000
-1.840661 0.000000
-1.492226 0.000000
-1.778999 0.000000
-4.145269 0.000000
-3.378818 0.000000
3.100413 0.310125
-1.124954 0.000000
4.068746 0.406984
-3.041048 0.000000
0.745019 0.074522
-4.377696 0.000000
4.298452 0.429961
-1.664841 0.000000
2.300189 0.230081
2.323058 0.232368
-1.827607 0.000000
2.424569 0.242522
-4.915204 0.000000
0.855275 0.085551
3.869586 0.387063
4.571006 0.457224
-0.511963 0.000000
-2.059279 0.000000
3.179452 0.318031
-2.692395 0.000000
-1.103712 0.000000
-1.245004 0.000000
4.847143 0.484845
1.532444 0.153286
0.388989 0.038909
-1.762298 0.000000
4.691783 0.469305
3.896763 0.389781
1.458703 0.145910
-4.453486 0.000000
-4.482055 0.000000
-0.440884 0.000000
-0.578441 0.000000
4.586690 0.458793
1.518068 0.151848
-4.833422 0.000000
-4.791006 0.000000
0.816520 0.081674
-1.498263 0.000000
2.509183 0.250986
-1.860422 0.000000
1.674130 0.167458
-0.066248 0.000000
-1.775626 0.000000
-2.470595 0.000000
-1.196661 0.000000
-2.204620 0.000000
2.017442 0.201799
1.744059 0.174453
-4.025168 0.000000
4.325048 0.432621
-4.359653 0.000000
-0.270172 0.000000
4.172191 0.417332
2.172791 0.217338
-4.881183 0.000000
-2.590107 0.000000
1.864574 0.186508
4.015580 0.401666
3.868595 0.386964
2.411087 0.241174
4.533524 0.453475
-1.572289 0.000000
-3.167353 0.000000
4.120215 0.412133
4.945780 0.494711
-3.000775 0.000000
4.329208 0.433038
0.762300 0.076251
0.500963 0.050110
1.838391 0.183889
3.901878 0.390293
-2.824907 0.000000
-3.227856 0.000000
-2.873747 0.000000
-0.295502 0.000000
0.575482 0.057564
-0.078367 0.000000
-3.278059 0.000000
-2.680458 0.000000
0.896464 0.089671
-3.953011 0.000000
-2.040111 0.000000
-4.373708 0.000000
-4.780820 0.000000
-4.867320 0.000000
-4.254891 0.000000
-2.370927 0.000000
1.997254 0.199779
4.760689 0.476197
-3.502332 0.000000
-0.591659 0.000000
4.294213 0.429537
-0.074621 0.000000
1.240988 0.124132
3.414428 0.341535
-0.128841 0.000000
3.240213 0.324109
2.743637 0.274438
-4.366541 0.000000
-1.258824 0.000000
-0.417972 0.000000
4.535338 0.453656
0.916269 0.091652
1.354172 0.135454
-3.338410 0.000000
-4.379233 0.000000
-3.070346 0.000000
1.583223 0.158365
-2.657292 0.000000
-0.750804 0.000000
-2.520312 0.000000
-1.610303 0.000000
2.209085 0.220968
-1.894020 0.000000
-1.391123 0.000000
2.341764 0.234240
-1.148911 0.000000
1.237949 0.123828
-0.660982 0.000000
-1.388222 0.000000
2.735617 0.273635
3.747359 0.374837
-2.094008 0.000000
-2.339003 0.000000
-0.011653 0.000000
-3.679580 0.000000
2.532156 0.253284
-1.771440 0.000000
4.064057 0.406515
3.165615 0.316647
1.969736 0.197027
-1.353916 0.000000
2.700952 0.270168
-2.113995 0.000000
-4.999744 0.000000
4.362543 0.436372
-1.493228 0.000000
-3.070090 0.000000
0.945766 0.094602
0.849480 0.084971
1.179106 0.117942
3.425454 0.342638
4.239177 0.424032
-1.611810 0.000000
-3.468567 0.000000
-2.151947 0.000000
-4.270045 0.000000
0.382523 0.038263
4.086003 0.408710
0.068973 0.006899
3.994301 0.399538
1.821620 0.182211
-1.183668 0.000000
-3.099707 0.000000
4.482616 0.448382
3.804679 0.380570
-1.779287 0.000000
2.014772 0.201532
-2.966761 0.000000
-2.715231 0.000000
0.180387 0.018044
4.002975 0.400405
0.930854 0.093110
-2.118661 0.000000
-3.111020 0.000000
0.931110 0.093136
-2.756118 0.000000
0.395752 0.039586
2.861020 0.286179
3.189648 0.319051
-3.754767 0.000000
-0.959874 0.000000
1.615102 0.161554
-4.515590 0.000000
2.428316 0.242897
3.146536 0.314738
-1.667537 0.000000
3.158271 0.315912
-1.470942 0.000000
-2.581534 0.000000
-1.772756 0.000000
-2.476641 0.000000
4.240086 0.424123
2.043576 0.204413
-0.576348 0.000000
3.722702 0.372371
0.848255 0.084848
2.644365 0.264508
0.737474 0.073767
2.881494 0.288227
4.929134 0.493046
-4.082139 0.000000
1.884469 0.188498
0.859988 0.086022
-1.200800 0.000000
3.773449 0.377447
-3.208902 0.000000
1.043083 0.104336
-0.830798 0.000000
4.652118 0.465337
-0.767269 0.000000
0.414434 0.041455
-1.307756 0.000000
-4.152167 0.000000
0.898844 0.089909
-3.879439 0.000000
3.994369 0.399545
4.231307 0.423245
4.278832 0.427999
-2.476573 0.000000
-3.350227 0.000000
-2.493924 0.000000
0.046786 0.004680
-4.110141 0.000000
4.549652 0.455088
4.470438 0.447164
4.612560 0.461380
0.397907 0.039801
2.114803 0.211537
0.350034 0.035013
-1.720599 0.000000
2.043937 0.204449
1.267895 0.126824
-4.836130 0.000000
-2.096074 0.000000
-4.932904 0.000000
3.937319 0.393838
-0.304976 0.000000
1.110178 0.111048
-1.893479 0.000000
-0.652858 0.000000
-4.657091 0.000000
3.520955 0.352190
3.039386 0.304021
-3.809258 0.000000
-0.580201 0.000000
4.159947 0.416107
-4.814889 0.000000
-1.348894 0.000000
3.438779 0.343971
-2.291462 0.000000
0.300879 0.030096
-4.055145 0.000000
2.755324 0.275607
1.190738 0.119106
-4.505494 0.000000
2.225762 0.222636
0.803298 0.080351
0.892413 0.089265
-0.659435 0.000000
-3.846667 0.000000
4.171813 0.417294
-3.615498 0.000000
2.421228 0.242188
4.335683 0.433685
-0.711572 0.000000
2.488323 0.248899
3.273002 0.327388
3.983452 0.398453
-1.401499 0.000000
-3.620477 0.000000
-1.669407 0.000000
-1.058589 0.000000
4.900478 0.490180
-3.630021 0.000000
0.132153 0.013219
-0.679723 0.000000
-4.470074 0.000000
0.317264 0.031735
2.971383 0.297218
3.968705 0.396977
3.025801 0.302662
-1.727738 0.000000
4.913559 0.491488
0.781125 0.078134
4.463000 0.446420
-4.591934 0.000000
-1.993113 0.000000
0.266298 0.026637
1.300478 0.130083
2.347451 0.234808
1.419631 0.142001
0.472292 0.047242
3.731954 0.373296
-1.159141 0.000000
-0.192025 0.000000
-1.979618 0.000000
-3.670818 0.000000
-1.919023 0.000000
-2.996167 0.000000
-0.072317 0.000000
-0.539501 0.000000
0.334427 0.033452
3.869094 0.387014
-0.639023 0.000000
1.704406 0.170487
-0.998753 0.000000
3.681254 0.368225
2.234332 0.223493
4.318510 0.431967
1.652637 0.165308
1.203037 0.120336
2.344311 0.234494
4.924899 0.492623
1.116597 0.111690
-1.874564 0.000000
4.387899 0.438908
1.524662 0.152507
1.132322 0.113263
-0.345802 0.000000
-2.174859 0.000000
-1.520226 0.000000
-3.926171 0.000000
3.297433 0.329832
-2.788272 0.000000
-0.085313 0.000000
-1.894592 0.000000
0.232110 0.023217
1.243869 0.124420
1.186384 0.118670
2.235943 0.223655
-3.828448 0.000000
-4.353116 0.000000
-2.429630 0.000000
-4.959354 0.000000
0.007861 0.000786
4.274776 0.427593
-0.958107 0.000000
-1.310885 0.000000
1.509108 0.150952
-1.639597 0.000000
-4.658249 0.000000
-2.287854 0.000000
-4.295286 0.000000
-4.733349 0.000000
3.828742 0.382977
-1.169850 0.000000
4.654550 0.465580
0.353405 0.035350
4.962473 0.496381
-0.691252 0.000000
3.178546 0.317940
-1.557753 0.000000
0.382576 0.038268
1.475978 0.147638
0.653975 0.065415
-4.702736 0.000000
4.581386 0.458262
-4.113916 0.000000
1.541133 0.154155
0.767770 0.076798
3.122027 0.312287
2.712685 0.271342
1.414654 0.141504
-4.307603 0.000000
2.753332 0.275407
-3.577485 0.000000
4.967173 0.496851
-3.204776 0.000000
0.111629 0.011166
1.476281 0.147668
0.155628 0.015567
0.453381 0.045350
4.188427 0.418956
0.860342 0.086057
0.720031 0.072023
3.017169 0.301798
4.690493 0.469176
0.374581 0.037468
-1.629426 0.000000
4.652965 0.465422
4.683329 0.468459
-3.450880 0.000000
-1.904788 0.000000
0.065906 0.006592
3.025098 0.302591
3.749187 0.375020
0.363169 0.036327
2.606484 0.260719
4.635271 0.463652
-3.095698 0.000000
-1.625746 0.000000
2.757299 0.275804
4.616987 0.461823
4.788908 0.479020
3.449696 0.345063
2.370319 0.237096
-3.788577 0.000000
3.416869 0.341779
4.165543 0.416667
1.323052 0.132341
-0.106850 0.000000
-0.678829 0.000000
-3.223568 0.000000
-0.918423 0.000000
-4.818487 0.000000
2.496464 0.249714
-2.901253 0.000000
4.872006 0.487332
-2.128955 0.000000
0.469321 0.046945
4.524971 0.452619
-2.445625 0.000000
2.018440 0.201898
-2.379817 0.000000
2.620280 0.262099
0.043538 0.004355
-3.630630 0.000000
-2.016550 0.000000
-2.349978 0.000000
-3.995358 0.000000
-0.112248 0.000000
1.024276 0.102455
3.761940 0.376295
-0.495261 0.000000
0.813184 0.081340
2.211636 0.221223
-3.124942 0.000000
2.024607 0.202515
0.628505 0.062867
-3.959399 0.000000
-1.652341 0.000000
-4.478345 0.000000
0.361772 0.036187
0.124091 0.012412
-0.396768 0.000000
0.543285 0.054343
-2.379445 0.000000
1.701978 0.170244
0.415291 0.041540
0.491600 0.049173
-2.828701 0.000000
-0.059738 0.000000
3.045975 0.304680
4.189739 0.419087
2.560445 0.256113
0.666255 0.066643
-0.766722 0.000000
3.929815 0.393087
3.649704 0.365069
1.883300 0.188381
4.934457 0.493579
-1.462544 0.000000
-2.092424 0.000000
3.696397 0.369739
3.042195 0.304301
3.720760 0.372176
0.908033 0.090828
4.917253 0.491858
0.745367 0.074557
-3.463462 0.000000
-4.042147 0.000000
4.093025 0.409413
-2.941808 0.000000
1.319625 0.131998
-0.782884 0.000000
1.661424 0.166187
-3.137090 0.000000
1.837671 0.183817
-1.636597 0.000000
2.278201 0.227881
-2.670729 0.000000
0.534702 0.053485
-2.781538 0.000000
-4.624754 0.000000
-0.275559 0.000000
4.778907 0.478020
1.041500 0.104178
3.957718 0.395879
3.708722 0.370972
-0.308795 0.000000
0.841018 0.084124
3.643179 0.364416
3.228661 0.322953
3.748594 0.374960
2.339576 0.234021
1.270856 0.127120
2.469355 0.247002
-1.752391 0.000000
1.188108 0.118843
-1.785278 0.000000
-0.215853 0.000000
2.145962 0.214654
-2.692253 0.000000
1.842339 0.184284
-1.534413 0.000000
1.524863 0.152527
-1.496236 0.000000
0.328497 0.032859
-1.637465 0.000000
1.867166 0.186767
-2.393302 0.000000
0.691806 0.069199
-2.598132 0.000000
-0.174840 0.000000
1.067052 0.106734
2.126308 0.212688
-0.395932 0.000000
-2.891448 0.000000
1.084027 0.108432
-1.687210 0.000000
1.799757 0.180024
-3.074955 0.000000
-3.044030 0.000000
0.028418 0.002843
-4.326360 0.000000
4.295546 0.429670
-3.700727 0.000000
3.142994 0.314384
-2.456845 0.000000
2.487382 0.248805
-3.642284 0.000000
2.327302 0.232793
-0.366657 0.000000
-1.334537 0.000000
-0.830359 0.000000
3.098930 0.309977
-4.809674 0.000000
2.673405 0.267413
-1.572572 0.000000
-1.447139 0.000000
-0.459429 0.000000
1.034126 0.103440
4.244667 0.424581
1.942439 0.194296
-4.140714 0.000000
0.311719 0.031180
-0.931253 0.000000
0.463354 0.046348
2.420271 0.242092
-4.847226 0.000000
3.776144 0.377716
-0.779972 0.000000
-2.922181 0.000000
-4.267886 0.000000
4.248446 0.424959
-2.248541 0.000000
-4.972340 0.000000
-4.452281 0.000000
-4.105547 0.000000
-2.429185 0.000000
3.035101 0.303592
-2.747832 0.000000
4.898117 0.489944
-2.331556 0.000000
0.917631 0.091788
-0.932242 0.000000
-4.232626 0.000000
1.107957 0.110826
-3.258837 0.000000
-0.805198 0.000000
4.660818 0.466207
1.281734 0.128208
-4.771072 0.000000
3.905485 0.390654
-1.775827 0.000000
-3.911786 0.000000
-0.782797 0.000000
2.292920 0.229354
1.551568 0.155199
-3.362526 0.000000
2.445694 0.244635
0.327712 0.032780
0.857502 0.085773
4.523513 0.452473
1.059826 0.106011
0.105948 0.010598
-2.725028 0.000000
1.087485 0.108778
0.653667 0.065384
-1.830576 0.000000
3.658300 0.365929
-1.311232 0.000000
0.421593 0.042171
3.556417 0.355738
1.357212 0.135758
-3.660776 0.000000
-2.375825 0.000000
2.124587 0.212516
2.447181 0.244784
-0.634661 0.000000
-3.680611 0.000000
2.107999 0.210857
-4.352927 0.000000
-3.451683 0.000000
1.013483 0.101376
-1.128754 0.000000
-2.363469 0.000000
-4.769313 0.000000
-3.835834 0.000000
4.188099 0.418923
-3.131839 0.000000
3.609860 0.361083
-0.484189 0.000000
2.725664 0.272640
3.133373 0.313422
-4.424363 0.000000
-2.168388 0.000000
-4.591655 0.000000
1.663122 0.166357
3.485279 0.348622
-1.422231 0.000000
0.321422 0.032151
-2.825952 0.000000
3.999361 0.400044
-1.122161 0.000000
3.531260 0.353221
-4.661415 0.000000
1.502014 0.150242
0.655847 0.065602
2.785765 0.278652
-4.132647 0.000000
1.975236 0.197577
-0.106236 0.000000
-3.485574 0.000000
3.523553 0.352450
-4.092753 0.000000
0.385672 0.038578
-3.839916 0.000000
-3.862066 0.000000
1.549838 0.155026
-4.651817 0.000000
-1.993905 0.000000
0.159698 0.015974
-0.136006 0.000000
-4.268241 0.000000
-1.706929 0.000000
0.439630 0.043975
-1.436629 0.000000
-1.298585 0.000000
-2.897248 0.000000
-2.951350 0.000000
2.279184 0.227980
2.424174 0.242483
-0.777302 0.000000
1.278545 0.127889
-3.697987 0.000000
-2.246042 0.000000
1.617130 0.161757
2.804027 0.280478
3.409805 0.341072
-0.597104 0.000000
3.671380 0.367237
0.385041 0.038515
4.296660 0.429782
-4.814195 0.000000
-1.091406 0.000000
-4.796093 0.000000
0.571477 0.057163
0.068678 0.006870
-3.658159 0.000000
-2.878685 0.000000
0.416861 0.041697
-0.652064 0.000000
2.281012 0.228163
-4.719146 0.000000
0.079695 0.007972
-4.425917 0.000000
0.720485 0.072068
3.643066 0.364405
-0.724502 0.000000
2.823237 0.282400
-4.308284 0.000000
-3.445318 0.000000
0.247411 0.024748
-0.085586 0.000000
2.833227 0.283399
1.549424 0.154984
2.668372 0.266909
-0.549642 0.000000
-0.646549 0.000000
1.078177 0.107847
3.853253 0.385429
-1.975169 0.000000
-3.536782 0.000000
3.149913 0.315076
-1.789364 0.000000
0.371812 0.037191
3.353820 0.335472
3.782113 0.378313
-4.559509 0.000000
4.695661 0.469693
-4.096572 0.000000
0.857351 0.085758
-0.956402 0.000000
3.184440 0.318530
1.138206 0.113851
4.123293 0.412440
3.758523 0.375954
-3.141310 0.000000
2.766359 0.276710
-1.965979 0.000000
4.681927 0.468319
3.458075 0.345901
-0.411297 0.000000
-0.070662 0.000000
-1.627511 0.000000
-2.578070 0.000000
-3.521238 0.000000
-3.959139 0.000000
1.872288 0.187279
0.832214 0.083244
2.119038 0.211961
0.725541 0.072574
3.857045 0.385808
3.582257 0.358322
-1.124546 0.000000
-2.932319 0.000000
-1.045931 0.000000
-2.770726 0.000000
-4.150205 0.000000
-0.605440 0.000000
-3.075064 0.000000
-3.246778 0.000000
-4.748089 0.000000
0.968533 0.096879
4.937662 0.493899
1.390117 0.139049
0.091827 0.009185
3.696185 0.369718
3.248807 0.324968
-2.141814 0.000000
-3.269794 0.000000
2.930734 0.293152
-3.683739 0.000000
1.318909 0.131926
-2.139928 0.000000
-0.311249 0.000000
3.740840 0.374185
-0.661165 0.000000
0.729612 0.072981
0.613128 0.061329
-4.828951 0.000000
-2.151349 0.000000
-3.661331 0.000000
4.028093 0.402918
-3.569093 0.000000
0.214123 0.021418
-3.904225 0.000000
0.384977 0.038508
2.443398 0.244406
-3.054431 0.000000
4.779536 0.478082
4.368333 0.436951
-1.301208 0.000000
-4.968553 0.000000
0.336867 0.033696
-1.363546 0.000000
1.421564 0.142195
-4.571307 0.000000
-2.667361 0.000000
-0.329629 0.000000
-1.713121 0.000000
-0.937154 0.000000
-2.398895 0.000000
-0.396859 0.000000
-4.618245 0.000000
0.461177 0.046130
4.291891 0.429305
4.122595 0.412371
4.800012 0.480131
0.021504 0.002151
-0.264278 0.000000
4.971061 0.497240
2.870154 0.287093
1.074391 0.107468
3.999154 0.400023
4.301062 0.430222
-3.711486 0.000000
-4.905071 0.000000
-0.313962 0.000000
3.731912 0.373292
-2.959502 0.000000
-0.534426 0.000000
3.100245 0.310108
0.739290 0.073949
-0.502978 0.000000
-1.562888 0.000000
4.375744 0.437692
-4.081414 0.000000
-1.134195 0.000000
-3.291617 0.000000
0.588957 0.058912
2.152684 0.215326
0.771229 0.077144
3.190062 0.319092
-3.244175 0.000000
1.152984 0.115329
-1.348761 0.000000
-3.952284 0.000000
0.275579 0.027565
-1.548748 0.000000
1.069220 0.106951
-4.988699 0.000000
-1.577688 0.000000
-1.060626 0.000000
1.085692 0.108598
-2.578534 0.000000
-1.759565 0.000000
2.374206 0.237485
-2.483605 0.000000
2.926474 0.292726
1.106118 0.110642
-0.443106 0.000000
-2.607952 0.000000
-0.793638 0.000000
-4.703816 0.000000
1.889070 0.188958
2.643474 0.264419
4.671928 0.467319
2.807656 0.280841
-3.490721 0.000000
-3.619689 0.000000
-1.603387 0.000000
3.661963 0.366295
2.151540 0.215212
-3.413325 0.000000
-4.582213 0.000000
-1.695476 0.000000
0.237914 0.023798
-3.534497 0.000000
3.580103 0.358107
3.689166 0.369016
2.534723 0.253541
3.591404 0.359237
-2.888522 0.000000
-3.525903 0.000000
-0.322904 0.000000
-0.467056 0.000000
-0.285468 0.000000
-2.948698 0.000000
2.049340 0.204989
-2.358994 0.000000
3.157419 0.315827
-3.393767 0.000000
0.033054 0.003306
-2.636218 0.000000
-3.097583 0.000000
-3.077876 0.000000
-4.992744 0.000000
-3.425655 0.000000
4.729779 0.473105
-3.483465 0.000000
-2.045344 0.000000
-1.873608 0.000000
-4.821502 0.000000
-4.893804 0.000000
-0.286933 0.000000
-4.403715 0.000000
-1.589280 0.000000
4.950981 0.495232
-2.938212 0.000000
-3.009177 0.000000
3.640147 0.364113
4.596511 0.459775
-4.417773 0.000000
-4.248375 0.000000
-3.929392 0.000000
0.259323 0.025939
0.284570 0.028465
0.785140 0.078535
2.310624 0.231125
-2.666091 0.000000
3.426146 0.342707
0.468044 0.046817
-1.059857 0.000000
-1.540800 0.000000
2.831826 0.283259
0.842560 0.084279
0.381323 0.038143
2.839082 0.283985
2.416904 0.241756
0.111103 0.011113
4.355616 0.435679
-4.628440 0.000000
3.237495 0.323837
4.534114 0.453534
-4.522244 0.000000
-2.049438 0.000000
-4.869601 0.000000
-1.111524 0.000000
-2.098457 0.000000
-2.807813 0.000000
0.879299 0.087954
-3.458309 0.000000
-3.211301 0.000000
1.461525 0.146192
-2.706684 0.000000
-2.140693 0.000000
-3.279152 0.000000
2.577886 0.257858
3.644447 0.364543
4.031472 0.403256
4.911795 0.491312
2.070593 0.207115
-0.500484 0.000000
-1.148062 0.000000
-4.470207 0.000000
-2.668658 0.000000
4.694498 0.469576
0.911117 0.091136
-4.829576 0.000000
2.111402 0.211197
-3.977781 0.000000
4.526040 0.452726
2.482962 0.248363
4.259714 0.426086
4.060154 0.406125
2.960718 0.296152
-2.789723 0.000000
4.190553 0.419168
-3.150806 0.000000
0.111820 0.011185
-3.617260 0.000000
2.728492 0.272923
1.653511 0.165396
-1.828561 0.000000
-0.809982 0.000000
3.946827 0.394789
1.030746 0.103102
0.910866 0.091111
1.524712 0.152512
-0.324807 0.000000
-0.057662 0.000000
1.436507 0.143689
-3.254213 0.000000
4.441854 0.444305
-4.711555 0.000000
-2.724420 0.000000
-3.226804 0.000000
4.982943 0.498429
3.186696 0.318756
-3.056380 0.000000
2.094345 0.209491
4.208916 0.421005
-3.530340 0.000000
-0.422693 0.000000
3.468630 0.346956
-4.470186 0.000000
-2.461975 0.000000
-4.321093 0.000000
4.720367 0.472164
-0.612781 0.000000
0.790727 0.079094
-3.896892 0.000000
-2.884289 0.000000
-2.555762 0.000000
-0.725453 0.000000
1.305729 0.130608
-3.608936 0.000000
-4.694707 0.000000
-2.783406 0.000000
2.915777 0.291656
-0.019513 0.000000
2.158933 0.215951
-0.647716 0.000000
1.726273 0.172674
1.600787 0.160122
-0.359271 0.000000
4.001853 0.400293
3.373983 0.337489
-0.376328 0.000000
2.188549 0.218914
-4.682396 0.000000
-3.281983 0.000000
1.397465 0.139784
-3.212736 0.000000
1.295324 0.129567
-0.133905 0.000000
-2.682922 0.000000
3.833349 0.383438
0.545002 0.054515
-2.962554 0.000000
-1.779432 0.000000
-3.664271 0.000000
-1.859446 0.000000
0.336280 0.033637
-1.220034 0.000000
2.415101 0.241575
-3.357991 0.000000
0.171031 0.017108
2.720394 0.272113
-1.141397 0.000000
-1.913193 0.000000
-2.299119 0.000000
-3.982464 0.000000
2.439091 0.243975
4.427154 0.442835
2.618323 0.261903
-2.920180 0.000000
3.429007 0.342993
0.992306 0.099257
1.703492 0.170395
0.617557 0.061772
1.309910 0.131026
3.421509 0.342243
-2.984978 0.000000
3.097174 0.309801
-0.283167 0.000000
1.881117 0.188162
-4.585748 0.000000
-1.449818 0.000000
-2.573881 0.000000
-2.548302 0.000000
1.770751 0.177123
-1.238152 0.000000
0.592251 0.059241
-2.892970 0.000000
2.541814 0.254250
-1.992648 0.000000
-1.250961 0.000000
-2.287155 0.000000
-4.272254 0.000000
2.607642 0.260834
0.799652 0.079987
-1.571373 0.000000
3.625178 0.362615
-1.761257 0.000000
-2.144219 0.000000
1.243500 0.124384
0.318563 0.031865
-3.715212 0.000000
-2.764194 0.000000
-2.977945 0.000000
1.902344 0.190286
3.545716 0.354667
-4.556437 0.000000
3.917366 0.391842
1.642889 0.164333
0.160396 0.016044
0.798483 0.079870
2.057141 0.205770
3.710578 0.371158
3.224602 0.322547
4.508839 0.451005
0.481329 0.048146
-3.013551 0.000000
0.101091 0.010112
2.588359 0.258906
4.528263 0.452948
3.108443 0.310928
-3.662602 0.000000
-2.758892 0.000000
3.836189 0.383722
3.945040 0.394610
3.040760 0.304158
-2.735185 0.000000
2.570218 0.257091
-3.720497 0.000000
0.120596 0.012063
-1.186282 0.000000
1.598066 0.159850
1.405383 0.140576
1.049524 0.104981
3.620120 0.362110
-1.692272 0.000000
-0.404760 0.000000
4.063684 0.406478
-2.774906 0.000000
-3.761871 0.000000
-0.775920 0.000000
3.023576 0.302439
3.295271 0.329616
-2.065342 0.000000
1.248178 0.124851
2.804110 0.280487
3.415987 0.341691
