3 2
-0.758863 2.005275 3.784551 0
2.390655 -3.922652 0.172544 1
0.885883 0.672278 -0.423513 1
4.729805 2.937114 4.779720 1
1.757016 2.952924 3.807529 1
-4.150426 -1.906899 4.530717 0
-2.045224 1.589526 -0.036921 0
-0.391566 -2.459283 4.989458 0
-2.050638 -0.827491 3.072080 0
3.121906 -4.941607 -1.255641 1
-2.521886 1.545214 4.634396 0
-4.183641 -2.202229 -0.697826 0
-1.984509 -4.177855 0.634485 0
-4.896919 0.430580 3.175202 0
-4.907461 4.595391 -0.042944 0
0.159352 -4.333341 4.187958 0
3.903711 -1.634947 3.976156 1
-4.414816 0.843167 0.521370 0
-2.052923 2.945168 0.713929 0
3.140950 4.013071 -2.711379 1
-3.049363 4.208691 2.314591 0
1.907693 1.295963 4.859344 1
-0.798628 -4.055790 4.734223 0
4.722742 -3.836210 1.863032 1
-2.361100 -0.889133 -0.191800 0
3.352828 -3.639883 -4.194221 1
4.819304 4.501067 4.818850 1
-2.892076 -1.723498 3.935002 0
4.827125 0.227138 3.143693 1
2.141716 -2.865169 -0.560344 1
2.001060 3.172090 0.894972 1
2.527063 -1.602694 1.253999 1
-3.581881 2.598679 2.198209 0
-3.847658 2.321421 3.361999 0
3.015374 4.960320 -2.527134 1
-1.551798 -4.759623 1.610552 0
-4.138474 -3.262661 0.541918 0
2.115524 -1.844541 -1.859403 1
0.148598 0.146748 3.735487 0
3.981581 3.776101 1.867939 1
-2.684369 -2.775697 2.108316 0
3.926183 -0.392493 2.175817 1
-4.236127 0.134405 -0.614966 0
-0.263605 -4.899042 3.595310 0
1.447878 -4.783928 0.265832 1
-2.948696 -3.486716 1.266236 0
4.159619 -4.560532 -4.126257 1
1.335436 -3.796659 1.008148 1
-4.279530 0.939736 1.109106 0
4.315780 -2.179257 2.071590 1
4.648430 0.243668 0.149599 1
-1.863462 -4.192809 2.541341 0
-4.640703 -4.484723 -1.464175 0
1.625533 4.674897 -1.024707 1
2.499276 1.010333 0.178634 1
4.616529 1.046583 -1.060887 1
1.688120 0.695013 4.182781 1
-3.162281 3.831551 4.989972 0
4.379059 4.763999 1.822702 1
1.835302 2.492192 4.082562 1
-4.628873 -0.882276 3.757458 0
4.525053 0.124423 -3.501406 1
-4.356577 -0.259048 2.545178 0
-4.318697 4.446486 4.784167 0
4.248587 1.281789 2.276359 1
3.331149 1.652916 -3.605917 1
2.088607 -4.000664 -1.988918 1
-3.143602 -4.475610 3.135505 0
-4.099829 0.750349 -0.694470 0
3.047845 -1.151052 -0.148104 1
-4.300882 -0.469749 -0.701618 0
2.759643 -2.890013 2.233087 1
4.153726 4.198594 3.232424 1
-2.835192 -3.945007 3.756813 0
-4.699686 -0.590015 4.924626 0
-1.823229 0.310156 0.674975 0
2.482301 4.450517 0.190642 1
0.054622 0.662621 3.461598 0
-4.875311 -0.590416 1.840796 0
4.225566 -0.728640 2.393194 1
4.150192 2.448131 -2.296650 1
-4.984191 4.985054 2.816489 0
3.477407 0.257847 -3.473045 1
-4.212048 0.382536 0.936539 0
3.248383 -0.191151 -1.518080 1
-4.021995 2.045179 0.288159 0
-2.093779 2.513932 4.259205 0
3.139840 -4.269333 0.894184 1
2.483284 4.996026 1.534566 1
-1.580176 2.624774 1.340173 0
2.731152 1.851162 3.194200 1
0.809082 3.929435 3.337322 1
1.787780 -0.084592 4.052180 1
-2.303091 -1.944751 4.782847 0
3.591093 4.011578 3.990921 1
4.743123 1.494862 3.986946 1
1.277689 4.914686 1.611721 1
-1.233117 -3.104930 4.336040 0
-3.038917 -0.085618 4.093423 0
2.669216 2.192898 -0.259765 1
-4.883154 -1.998019 -1.330330 0
3.454168 4.789760 3.585078 1
2.506348 -2.513331 -3.359673 1
-1.300299 0.444402 3.034822 0
-2.206876 -1.886383 0.227720 0
2.533359 -1.769536 3.229701 1
-3.796971 -3.315369 3.019461 0
4.788107 4.190979 -4.493870 1
4.227105 3.027350 4.503350 1
1.288557 4.906132 4.219785 1
2.513927 -0.730208 -2.296896 1
-4.365632 2.969493 3.147505 0
3.669190 -4.237383 -3.738878 1
-2.873389 4.499005 1.176217 0
-4.853928 4.287112 0.367196 0
-2.763907 -2.204116 -0.392342 0
-1.635995 0.825473 1.810932 0
1.067109 1.459840 -0.219575 1
4.967323 -3.847449 -1.661977 1
1.143540 -3.701377 -2.374865 1
-3.489264 -3.049176 -1.659319 0
-1.641894 -0.813082 1.136565 0
2.965765 3.827787 3.159553 1
-4.399227 -2.027993 1.471098 0
4.952845 -2.596878 3.756411 1
-4.723688 -2.906527 -2.088618 0
2.453354 3.204335 0.362555 1
-4.921511 4.715072 2.313380 0
4.555734 -3.961057 -4.671915 1
2.715287 -3.360285 -1.699908 1
-0.813615 -0.218372 4.636105 0
0.239367 4.467743 3.656963 1
4.124808 4.744055 -4.249565 1
3.776057 -0.189603 -1.196184 1
-4.723645 -0.633869 -0.157241 0
-4.395560 -2.918582 1.482474 0
-1.459364 -2.249241 0.998574 0
0.579863 2.990126 0.466317 1
3.814058 1.713923 -3.226275 1
4.544696 0.489981 1.584122 1
3.191271 1.370775 -1.968329 1
-0.326255 -4.724693 4.299474 0
2.402738 -1.367368 2.155292 1
-2.386890 3.619893 1.306415 0
-2.934636 0.232442 3.271584 0
-4.576789 3.125650 4.527901 0
-3.626536 1.316921 0.898676 0
-1.295391 1.928512 4.989926 0
0.754842 3.864933 4.385732 1
4.256908 -4.436352 3.056640 1
-4.185432 -2.370988 -1.710918 0
4.086153 1.468101 3.066220 1
-2.152282 1.891312 1.191870 0
3.274295 -2.330089 -1.500544 1
-0.561797 -2.870637 4.292902 0
1.842299 -4.124945 -0.558646 1
3.480555 -4.868037 0.005003 1
4.826278 -4.967316 -0.897884 1
-0.915633 0.256020 4.258204 0
-4.907386 2.978592 3.302636 0
4.813484 1.240731 3.356561 1
0.374058 -1.916970 4.231616 0
4.815412 -3.436415 4.363579 1
1.556545 0.819556 -1.776805 1
2.549973 4.903923 3.479215 1
3.736292 1.589695 4.988122 1
2.038927 2.110277 -2.595083 1
2.470926 1.923762 3.645648 1
3.298779 -1.505406 0.043580 1
1.777994 -4.697229 -3.459339 1
3.787524 4.039063 3.130356 1
3.775645 1.077990 0.240633 1
4.826210 4.376403 -0.537786 1
-3.445113 -0.564495 1.575446 0
0.560294 3.666562 3.841790 1
2.281792 -1.131837 0.117032 1
2.366330 -0.044494 2.566196 1
-4.736501 -4.484199 1.232758 0
4.105289 -3.784248 -1.801901 1
-3.558327 1.959284 1.941434 0
-0.919172 -0.756523 4.472292 0
0.501905 -4.585423 4.447301 0
-4.381062 -0.728185 3.162614 0
-2.839648 -3.098355 -1.366079 0
3.393110 -3.993066 -0.150326 1
3.532643 1.529434 1.052435 1
3.004935 -2.711520 0.710462 1
3.783731 0.803735 1.023670 1
-2.950408 -4.375887 4.156456 0
2.628730 1.126018 4.571033 1
2.076030 1.744956 -1.157151 1
3.356765 -1.500536 2.382639 1
-3.009314 -3.107425 3.389572 0
3.649318 -2.983574 2.367613 1
-0.298247 -4.978639 4.656094 0
-4.587785 3.805092 0.459828 0
1.435885 -4.145316 1.083941 1
0.163375 0.559445 3.954915 0
4.006223 -4.201911 -4.705972 1
-3.130144 -3.854461 0.686067 0
-4.740571 2.985899 4.169850 0
3.465221 -3.663030 -3.792362 1
4.665084 -1.222589 4.350828 1
-4.170041 2.947008 0.708362 0
-3.876013 -2.565774 -0.136784 0
-4.396454 -0.436490 -1.005346 0
4.773396 0.661118 -4.370129 1
-2.832690 -2.752346 -1.283975 0
-1.952546 0.493881 0.678506 0
2.308555 3.198885 -2.433700 1
2.880133 -0.759649 4.304607 1
2.883542 -0.382708 4.529235 1
3.513413 0.576964 -1.344426 1
-4.519747 2.744274 0.903228 0
-3.224120 0.370049 -0.405169 0
1.395171 -2.321396 -2.206284 1
3.961471 0.695521 -2.883412 1
-1.038004 -1.424346 1.356939 0
2.134720 0.348083 0.818127 1
-4.680470 -0.658251 4.139365 0
1.222757 3.538028 4.063679 1
2.954782 -0.364599 -2.964554 1
4.775520 -2.193548 -4.915901 1
-2.430764 -3.232078 0.779620 0
-0.314176 0.729918 4.355274 0
-3.957237 3.996522 1.819815 0
3.061725 -2.204802 1.029394 1
4.456817 -1.885273 -4.628857 1
3.596182 4.337485 3.909170 1
2.659861 2.292267 -1.455429 1
4.695307 -2.527045 4.955852 1
2.100802 -2.751525 -2.237696 1
2.184901 -0.182289 -0.469774 1
-2.680205 -4.453702 4.256666 0
4.139610 -2.210104 0.387908 1
-3.692492 -4.148379 3.183106 0
2.336901 -4.691562 -3.702167 1
1.617214 1.564481 2.927585 1
-2.120059 -4.454509 2.466726 0
2.410167 -1.489988 1.970261 1
2.670312 0.829807 2.516559 1
-2.568857 2.939083 1.935616 0
-4.240733 3.218505 1.555994 0
-1.591718 -3.901554 2.101485 0
2.845268 1.178925 1.441304 1
3.292873 2.714606 -2.376661 1
3.664008 -4.854251 -4.437578 1
3.795027 -3.736257 1.881795 1
-2.547494 0.547032 1.488854 0
4.505307 3.754127 0.773681 1
3.603672 -3.751232 2.113251 1
4.905142 4.541640 -0.172143 1
-1.909097 -1.194729 0.478082 0
-3.245807 -2.399702 1.741825 0
3.635989 2.951320 -3.586150 1
1.616230 -4.596174 1.960882 1
-3.453457 -1.110837 -1.470281 0
-2.258987 -2.507165 -0.221514 0
4.854264 -2.602023 -0.679873 1
4.655728 3.017361 1.331046 1
0.133810 4.771555 3.931344 1
-3.124365 3.407543 1.882664 0
-1.710516 0.023773 2.286489 0
-4.396451 -1.098282 -1.272546 0
4.710858 0.448261 2.616617 1
3.019064 3.043538 -2.492571 1
-2.660810 -2.274341 2.433887 0
-3.803989 2.515197 0.222803 0
-0.703492 -2.069318 1.782975 0
3.778280 -1.754911 1.132954 1
1.394897 1.485666 -0.677773 1
4.011778 1.843920 0.091425 1
-3.103088 -2.095104 -0.011992 0
2.119715 -1.967749 -0.621161 1
-4.249939 -4.957731 2.059155 0
4.404181 -0.661222 4.989837 1
1.871849 3.167884 1.769157 1
2.327030 -3.932870 2.759552 1
4.692796 -4.921092 -0.396528 1
-2.742968 3.421484 4.217253 0
2.245040 0.541199 -2.750497 1
3.683034 0.695441 1.630550 1
3.672871 -3.117403 1.020154 1
3.966095 -3.240751 3.750820 1
-2.779083 4.086280 4.817950 0
4.980470 3.779075 4.896858 1
-4.103700 0.820327 -0.157086 0
-2.636944 -0.310754 1.675375 0
-3.714621 -2.954849 -0.746587 0
2.305533 -0.757911 -1.992141 1
-3.506428 -1.791817 -0.232892 0
-4.755608 0.429101 -1.146612 0
4.959200 4.993512 1.195759 1
1.380630 -4.110188 -2.983913 1
-3.776456 -3.996636 0.081454 0
-3.392342 -1.633580 4.770700 0
3.283033 3.021249 -1.857020 1
-4.346152 4.306628 0.188131 0
-0.092739 1.612161 4.430219 0
2.915121 3.105733 -2.361597 1
-2.317771 3.350124 3.067503 0
1.535617 3.412466 -1.522927 1
4.168081 3.371666 -1.529414 1
2.379926 0.975840 0.363762 1
-2.538620 2.583499 3.730183 0
-2.767920 0.866531 1.751432 0
-4.436809 -3.572359 -2.329780 0
4.993410 4.342762 -4.224047 1
-2.368187 -2.975009 4.126077 0
-4.300684 3.560608 2.538543 0
-2.992627 -4.527546 1.638346 0
2.371135 -2.066166 -0.778156 1
-2.147251 -4.459025 1.608755 0
3.910808 -3.895835 3.036396 1
-3.418971 -3.902425 2.379158 0
-2.643019 -1.270612 4.404148 0
-3.516941 -0.571297 2.964756 0
4.021602 3.605092 0.693444 1
-0.068189 1.252067 3.785972 0
1.542882 -0.415359 2.899149 1
-1.848363 -1.504550 4.003314 0
3.567191 2.433460 -1.169722 1
2.971339 3.916518 3.258981 1
0.936095 2.938120 1.864073 1
4.673937 -4.303089 2.006155 1
-3.133803 2.151418 3.738047 0
4.224372 -1.305700 -1.677312 1
2.123521 1.845937 1.818137 1
1.227725 1.601161 4.328075 1
-4.941997 -0.427499 3.244593 0
3.316984 -4.491404 1.182713 1
0.181057 -2.861865 4.052645 0
3.297197 -2.446354 2.516893 1
4.672777 -2.772417 3.213804 1
1.678932 -0.906219 0.365221 1
0.416979 -1.681847 4.059521 0
3.739667 -4.558326 0.905458 1
1.780495 -2.145763 0.113091 1
-3.792199 1.352278 2.759822 0
2.777339 -0.677747 -2.458949 1
-3.643635 1.418164 4.952984 0
-4.739228 3.168054 4.759401 0
4.295961 -3.558116 -0.213388 1
4.609429 4.219224 4.108865 1
3.785312 1.566732 1.528214 1
3.738296 1.982617 -3.313956 1
4.132954 -1.696039 -2.598322 1
3.469161 -4.719451 0.491917 1
-2.745980 -3.183312 1.673355 0
-2.608843 -3.887351 3.115239 0
2.177769 -4.277922 2.334463 1
-2.075101 -4.603834 1.094179 0
2.012621 0.625242 -2.037127 1
2.582354 -3.519236 2.328969 1
3.592551 -2.796055 4.426206 1
-1.739562 -0.543809 0.791361 0
-2.628001 2.381090 1.187527 0
3.466178 -3.007967 0.716648 1
3.156160 4.687642 -2.227421 1
0.765677 3.280193 -0.023476 1
0.191883 -1.453901 4.571627 0
1.991672 2.642852 4.404004 1
-3.874837 -4.096710 -1.139805 0
3.820700 4.605785 -2.762027 1
-4.837410 -4.567025 3.824982 0
-2.014756 3.589135 3.512624 0
-4.694026 0.277434 2.266160 0
-3.349528 -2.730894 -0.090988 0
-3.945524 -1.605730 0.812302 0
-0.085328 -4.689206 4.087591 0
4.389276 -2.764454 -4.565157 1
-4.547769 0.383380 4.456953 0
3.964855 -3.858797 -1.188235 1
3.271760 -0.113527 -0.700729 1
-1.828346 0.957101 3.024912 0
-0.239674 1.390711 4.183176 0
3.572091 -2.851617 -3.941273 1
-4.433553 -3.392281 2.072248 0
-4.619215 2.135195 2.716967 0
3.405697 -3.864093 -1.936656 1
-3.675251 -4.125165 2.462827 0
4.366722 0.635161 -1.146461 1
3.549898 -0.792747 1.001922 1
4.608625 1.137805 -0.753108 1
-2.151123 1.704252 0.854611 0
4.921125 3.175701 0.734090 1
-3.120154 -1.053580 4.697631 0
-1.360288 -0.672794 1.832827 0
-3.643321 -2.267098 2.968734 0
-3.123215 -1.980947 0.275203 0
2.610875 -0.101101 4.221623 1
2.308507 3.538611 -1.451171 1
-0.858667 4.895291 1.281732 1
-2.889933 -0.684686 2.680789 0
-4.934706 -4.307870 -2.504878 0
-3.132315 1.139733 4.501581 0
2.142888 -1.249392 -0.599519 1
1.364511 -3.940885 -2.060908 1
4.913340 0.200449 -2.165617 1
1.195072 2.310516 2.149697 1
-1.124139 -2.039221 0.922006 0
-0.719545 -1.973927 1.614136 0
1.775577 -1.858440 -1.920373 1
4.911126 2.514493 -3.679600 1
-1.704274 -2.717325 0.583348 0
4.778254 -0.849640 -3.276919 1
4.279836 -3.706752 0.473689 1
4.453792 -1.233829 4.043769 1
-2.474505 -3.077513 0.030621 0
4.139632 3.698064 3.172181 1
-2.780741 3.609190 0.686673 0
-1.460341 -3.095084 2.969349 0
4.123007 -3.316830 -2.880291 1
-4.153912 -4.036994 -1.587043 0
-2.147418 -3.737269 3.641815 0
3.836952 -3.795603 4.279758 1
3.025639 -3.967071 3.474172 1
4.096355 -1.114489 4.736902 1
-4.853845 -2.899052 2.773436 0
-4.803827 2.735099 2.618943 0
-2.831323 3.399870 1.604081 0
-2.160755 2.236821 2.808479 0
-1.696324 -0.746580 1.419600 0
3.476541 0.988096 1.051191 1
3.213444 -1.273735 -0.477464 1
3.666869 -1.127579 1.623484 1
1.440305 -0.931407 -0.641417 1
-4.336671 4.076515 4.995274 0
3.471808 -3.804483 -3.244280 1
-3.975656 -0.500806 1.009140 0
2.443943 -4.329286 -0.124757 1
3.576695 -4.326916 -3.233015 1
-4.257625 4.149625 2.755081 0
-3.683898 1.029938 0.353767 0
2.939587 -2.529757 4.422360 1
-2.701830 1.529491 0.659630 0
0.056622 2.192820 -0.263855 1
2.692000 -2.290389 -3.225345 1
4.458985 -1.548014 -4.075720 1
2.214065 -4.754448 3.287349 1
3.695412 -3.438346 -0.682713 1
4.131169 1.856032 -4.490159 1
-1.132686 -3.092072 1.174470 0
4.798977 3.715545 -2.136558 1
-4.770167 -3.467699 1.996358 0
-3.668596 4.224301 4.705969 0
-2.682312 -0.407237 -0.034839 0
1.634975 3.641941 -0.533598 1
-1.577495 -2.886520 1.265812 0
1.739526 -3.755351 -1.878155 1
2.249368 0.111963 0.029773 1
1.287280 0.140772 0.277619 1
4.551068 0.926260 -1.324680 1
3.982631 0.983741 -0.569259 1
3.370287 4.972635 -4.212647 1
-1.599939 -1.603528 0.698292 0
-2.577003 -2.032610 2.311240 0
1.924918 0.956996 1.889474 1
4.192681 -3.344375 1.424307 1
-2.131999 1.171854 3.985543 0
4.616002 -4.597073 2.692551 1
0.291392 3.773215 2.665186 1
4.927342 3.666569 4.669795 1
2.314863 2.969374 -1.570022 1
-1.260829 -4.162626 4.601832 0
-2.275287 1.022636 -0.243684 0
2.693997 0.638638 0.159243 1
-1.948266 2.008776 1.105733 0
3.571601 -3.670744 0.832606 1
3.241396 3.146073 -0.390701 1
-1.952441 -3.075180 4.438683 0
2.803875 4.618817 0.077321 1
-2.036882 0.005365 1.007352 0
1.895576 3.057099 -1.983873 1
3.425696 2.029292 -1.796146 1
0.591733 0.600893 -0.466889 1
3.612311 2.303765 2.340226 1
-2.971642 -4.648676 4.265047 0
-3.532959 3.155198 3.883864 0
1.544362 -3.881683 -1.110771 1
-4.426364 0.032631 1.747005 0
2.785930 -2.509391 -0.552667 1
0.304416 -1.305604 4.389829 0
-3.632436 1.632020 4.845928 0
4.260680 -2.687597 -3.664471 1
4.849974 -4.901667 -1.173862 1
1.048405 4.290658 3.060336 1
3.150826 -3.178020 -2.341345 1
3.408446 -1.762833 -1.198663 1
4.784383 3.541583 2.495733 1
4.174212 0.792327 1.757971 1
4.579243 2.159891 -1.610010 1
4.425171 4.673566 -4.404354 1
4.465398 -1.918473 4.030764 1
3.914784 0.473587 -3.077848 1
2.154125 2.955942 -1.517818 1
-1.931444 -1.939401 0.347930 0
-4.435855 0.023294 2.447824 0
3.455716 -4.924439 0.448462 1
1.485835 2.291859 1.999605 1
3.752238 -4.639585 -4.939796 1
-0.899832 -2.540264 2.515259 0
3.578030 -2.119522 2.425106 1
2.784474 2.389339 1.386479 1
-4.294116 -1.743794 1.735074 0
0.519805 3.296921 2.557404 1
3.924209 -0.217244 -0.150736 1
0.984018 2.635161 2.669415 1
4.759263 0.040199 -0.359939 1
1.746495 -1.613365 1.770883 1
2.074214 3.906440 0.067804 1
-0.368382 2.830649 4.850560 0
4.480881 -1.245537 -1.614446 1
-2.640025 -1.762242 2.233907 0
1.904385 2.534926 3.118062 1
3.288240 2.294189 -1.841739 1
-2.071698 -1.211473 1.473553 0
-0.594085 -4.464978 4.860188 0
-3.823202 2.609235 3.766628 0
4.480716 1.412295 -4.909779 1
2.735338 -3.317862 2.490121 1
4.637148 1.874763 -2.680764 1
4.268962 -0.791020 1.642784 1
4.129150 0.385778 -0.747981 1
2.895778 -3.369619 1.492872 1
3.262996 0.443030 0.081309 1
4.205162 3.663634 -0.445361 1
4.434345 4.961431 -0.789708 1
-2.166483 3.224427 4.653321 0
2.914826 -1.022456 1.615437 1
1.965969 -1.993818 -0.245645 1
3.536767 4.599020 -0.064026 1
2.833107 -0.593536 4.962389 1
-0.664292 -1.159190 4.923820 0
3.545999 1.674326 3.148247 1
3.199320 -0.410848 -2.874209 1
3.029458 3.297063 -0.265394 1
-4.022369 -0.240506 2.705275 0
-4.369651 0.465076 0.551570 0
3.702416 -2.789604 1.815049 1
-0.762812 2.605282 4.845422 0
3.936281 3.582913 -0.395084 1
1.641556 -0.685100 2.901177 1
-1.054148 -0.017139 4.030546 0
0.656612 0.613210 -0.504378 1
-3.791818 1.167379 3.506697 0
-4.750873 0.698002 2.742246 0
-0.480093 0.852018 3.490300 0
1.571803 -4.910794 1.095582 1
1.417225 4.025487 -0.321505 1
-3.977859 0.667043 3.993395 0
3.923318 4.612895 -1.023744 1
2.953864 0.269506 4.589466 1
-2.550515 1.477688 0.756845 0
-3.326725 -4.839107 1.324641 0
4.415521 -1.603121 4.732348 1
-2.787622 2.916785 0.584367 0
-4.297322 -0.511412 0.673573 0
1.798259 -4.094187 -0.300940 1
-4.529850 -4.148728 4.978997 0
-0.553594 3.805136 0.248504 1
4.792717 -2.789196 -3.362042 1
1.743998 -1.700401 0.195730 1
1.476346 0.511977 -1.887485 1
-2.939287 1.214655 2.601104 0
2.734286 -1.987086 3.506917 1
3.026949 -1.557904 -3.654100 1
4.753141 -1.765187 -1.443296 1
-3.608900 -1.345831 2.440782 0
3.385681 1.874514 1.252358 1
4.099300 1.669512 0.479927 1
2.606216 4.102858 4.969595 1
3.041087 -3.097694 -0.070586 1
4.327230 -0.319248 -0.664362 1
4.418509 -2.292298 2.777734 1
-3.238104 2.041894 0.064883 0
3.754635 1.925770 -4.125377 1
-3.778352 1.025070 2.544136 0
1.701575 -1.368714 1.646994 1
-3.399416 -4.000397 -1.769947 0
-1.286044 -3.817479 3.398597 0
4.393218 2.265530 4.292433 1
-0.541898 4.767807 -0.279993 1
2.272122 4.744091 2.670848 1
-4.987448 -0.282580 -1.025890 0
4.180359 -0.632402 0.574743 1
4.829496 3.487319 3.343907 1
4.121929 -2.054580 3.111715 1
-3.623723 -2.090976 -0.226490 0
-4.201439 -3.139551 1.206249 0
3.910276 0.702385 0.549168 1
-0.253405 3.809358 1.490060 1
-4.312655 1.244561 4.397164 0
-3.654485 2.653874 0.546872 0
3.336736 -0.168314 -1.214036 1
-1.889754 2.286340 1.524483 0
1.371075 3.084902 3.384932 1
3.126493 -2.460389 0.277417 1
-4.709298 -0.537708 4.626078 0
4.773435 -3.758254 -2.666129 1
4.983210 0.346055 2.907306 1
1.507693 -3.282870 0.992207 1
3.979943 -2.579053 0.526995 1
-0.742641 -2.288350 4.989287 0
-1.116563 1.597861 4.198173 0
-2.681127 1.974132 4.094404 0
4.332742 -2.932126 -0.764778 1
0.122021 3.265120 1.471030 1
4.642500 4.648650 2.828669 1
3.156880 -2.114049 -2.038734 1
3.146167 1.769389 4.559127 1
2.344341 4.088262 1.533259 1
1.438745 1.087132 -1.719174 1
1.774895 0.419874 0.348700 1
-3.989883 -4.458105 -1.386180 0
2.481148 1.284882 -3.137849 1
4.298233 4.935175 1.618175 1
-4.338883 -2.792439 -0.104584 0
-4.089267 -4.635558 2.781367 0
4.964385 -2.706305 4.726150 1
3.593910 -4.921293 0.687920 1
1.954879 -4.648347 -1.306786 1
-3.149705 -3.737614 -0.942344 0
4.631663 0.134385 -2.431735 1
-2.306388 -4.630984 4.864207 0
3.381532 -2.423254 2.424062 1
-4.645666 1.646626 -0.717850 0
2.441179 1.139856 0.586725 1
-2.509685 2.775375 2.816516 0
-1.792776 0.322963 4.591622 0
-2.007277 3.016575 4.960638 0
-4.719008 1.752440 4.184011 0
-0.436858 4.014751 1.518692 1
3.535828 -2.237284 -4.191747 1
-2.139834 -4.796105 1.948109 0
3.446891 -3.297270 -2.280372 1
4.168001 0.769830 -2.326434 1
3.360783 2.598013 1.939024 1
2.544794 -2.838845 0.953775 1
-0.936514 -4.303018 3.716491 0
-0.128261 -1.442851 3.920386 0
2.213042 4.626663 -0.346909 1
2.661982 0.897801 1.120459 1
2.222364 2.583961 2.897572 1
2.408948 0.944744 0.495585 1
-0.652028 -1.510462 2.656740 0
-4.698253 2.553024 3.353723 0
4.018238 -2.575238 -3.089129 1
2.938624 -0.755390 -1.085089 1
3.561740 3.784086 0.086952 1
4.607776 -1.340890 -4.388584 1
-0.793642 -3.275692 0.900683 0
4.701944 1.072280 4.390221 1
2.358684 1.374027 1.943245 1
2.623278 -1.669111 -1.387383 1
1.625141 1.847314 3.393830 1
-3.049828 -2.816675 4.145935 0
4.568994 4.759098 2.631910 1
1.512239 0.471505 -1.975825 1
4.492864 -0.367028 3.247692 1
-3.110433 -3.741887 0.095006 0
-4.870830 -1.673947 2.324417 0
-3.612947 -2.104953 2.083515 0
4.018962 4.407286 -2.444980 1
-2.956863 0.287532 0.649803 0
-1.709005 4.289696 3.684797 0
2.024416 -4.228031 2.553988 1
4.249949 0.715536 -4.298732 1
-3.501631 2.231758 1.922367 0
3.581883 1.250720 1.329653 1
1.786705 1.692059 1.397581 1
2.069480 -1.662048 -1.932456 1
-2.251876 3.369845 4.310600 0
3.986910 -0.355790 0.798104 1
4.688178 3.818162 -3.357191 1
-1.284502 -4.683470 3.874567 0
-4.362135 3.898414 0.125288 0
1.967518 -4.964683 -1.580855 1
3.049827 -2.498130 3.528006 1
3.070730 0.249995 1.897851 1
2.381330 1.682916 -2.707888 1
2.463898 0.669826 1.936322 1
-1.737998 0.358003 0.754484 0
-0.095189 4.073501 1.071015 1
3.904666 1.678884 0.004745 1
-2.564984 -4.754130 0.718270 0
0.884172 3.295696 3.220140 1
-1.397859 -3.788345 0.822876 0
-2.636038 -1.842154 4.965747 0
2.333390 -2.937487 1.644631 1
4.883172 -2.294489 -4.550216 1
3.103312 2.117689 1.816210 1
2.549373 -2.431678 1.249279 1
3.730252 3.861269 0.627747 1
3.984633 -3.774769 3.785593 1
3.950381 3.558622 -4.151894 1
2.503230 0.061659 -2.944230 1
4.657317 -0.055168 -0.238719 1
2.487278 1.348086 -2.663453 1
4.262900 -1.102542 -0.095131 1
-3.860075 -3.387656 -0.008630 0
4.925518 -4.437276 -1.450009 1
-4.226376 1.157736 -0.553252 0
3.063824 -1.681717 -0.546761 1
-2.174895 -1.574617 2.501383 0
2.347310 2.098873 -2.631484 1
-2.747821 -2.388948 -0.003774 0
-3.990313 -1.323505 2.171294 0
4.006426 -4.541827 1.989996 1
-4.530545 1.051176 -0.917643 0
-3.936515 3.409249 4.017202 0
3.428227 1.679745 0.379230 1
-2.791908 -2.750890 -1.494155 0
-2.430255 1.863811 4.355479 0
3.594431 -1.239163 -0.613916 1
2.650157 0.968929 1.635194 1
-3.843998 -3.493948 2.890730 0
-3.560852 -1.562373 -1.392559 0
-3.676561 -0.910957 4.407767 0
-2.730332 1.658789 1.271578 0
-3.374853 3.245736 1.567390 0
-3.357947 -3.539063 0.291430 0
3.338705 -4.944631 4.052267 1
4.359982 3.861527 1.527247 1
3.918797 -0.649835 -0.044344 1
3.326564 1.619834 -3.385555 1
-0.401857 3.244980 4.860181 0
0.509229 -4.049474 4.082013 0
-4.469575 -4.689492 2.943540 0
2.618090 -2.526967 -1.487335 1
-4.130656 0.029750 2.509391 0
-2.656030 -4.206575 0.641405 0
2.504879 -1.987122 -2.053180 1
-0.955728 3.926566 4.650006 0
-0.066171 4.795910 -0.320244 1
-2.556780 -2.720301 -0.692351 0
3.197592 -0.376331 0.101074 1
2.706141 -1.669667 0.111079 1
-2.476190 2.453921 3.401120 0
2.651988 4.521048 3.748834 1
-4.658613 -1.486737 1.714637 0
0.503818 -3.981858 4.727516 0
3.450638 0.062414 3.654082 1
3.100644 4.996243 3.449992 1
2.088049 -4.362945 0.353360 1
-0.459415 -2.817807 1.972450 0
4.651664 -0.293997 -0.573629 1
3.052784 -2.642008 -1.052581 1
-1.483745 3.203196 3.478824 0
-4.652156 2.534880 0.976944 0
-3.922464 -0.377071 1.613999 0
-4.926987 -3.647362 -1.727755 0
2.045463 -3.995698 2.978248 1
-3.641242 -2.381271 2.892650 0
-1.294796 1.382420 3.889719 0
1.740822 4.262354 3.264677 1
2.979637 -4.378888 -4.116594 1
0.872286 0.521107 0.399987 1
3.519415 -1.041417 -4.735588 1
3.701424 3.373003 1.206374 1
-1.493638 4.401422 3.579230 0
0.097927 -1.015224 2.862020 0
-1.012354 -4.274402 2.124374 0
-2.747677 3.705235 2.745486 0
3.535716 -1.903063 2.225177 1
3.800129 -3.201639 0.598180 1
-1.414268 -4.571924 1.519493 0
1.606867 0.685896 2.694449 1
-3.406738 -3.074135 2.125283 0
4.338749 0.061595 -3.297196 1
-2.394657 -1.402689 -0.200258 0
4.830520 -2.602561 1.598103 1
-4.571699 -4.010326 -2.669098 0
-3.217982 -3.196471 1.799366 0
-4.797935 -1.603209 3.725231 0
2.327348 -2.264460 -1.213174 1
4.030152 0.340883 2.384137 1
-1.170106 0.171403 4.781576 0
-4.572003 -4.399898 2.185517 0
-2.669177 -3.971597 3.175191 0
0.513685 3.354092 -0.496528 1
-4.121197 -0.574257 2.038433 0
4.604034 -3.246909 4.773973 1
-1.609140 -4.216756 0.114856 0
2.742090 2.371958 -3.085237 1
0.917281 -2.966317 4.890960 0
4.692979 2.547368 3.245052 1
1.034563 3.580418 -0.089609 1
4.676205 4.459222 4.336134 1
-3.396533 -1.770887 1.485607 0
-2.223914 -3.472225 3.898700 0
-0.418191 2.138036 3.479750 0
3.423964 2.045255 -3.979629 1
3.849324 -4.751496 -2.462256 1
-4.278207 -3.148029 0.766856 0
2.207400 -1.258304 4.552542 1
3.734142 1.517782 -3.919682 1
2.632842 -3.791369 3.525374 1
3.565224 0.790440 0.663410 1
2.044975 3.617301 1.997897 1
-4.974294 -2.869126 -0.633053 0
-2.309145 2.164261 0.420599 0
-4.452003 -1.172403 2.532047 0
-3.371686 -3.539561 3.740678 0
-4.846311 -4.974337 -0.468883 0
-2.185005 2.096344 0.279293 0
2.181942 3.683201 0.834132 1
3.594144 -3.709572 -0.850931 1
4.186837 4.209881 4.199384 1
1.459406 -4.794664 -0.707162 1
2.473671 -4.246667 3.120435 1
0.005718 -2.618352 4.580874 0
-1.253604 -2.464664 4.606537 0
3.277513 3.352435 1.677175 1
-3.574068 -3.832570 -1.226481 0
3.001755 4.896590 1.938312 1
2.201139 1.355996 2.143649 1
-3.506023 -1.170333 2.896982 0
4.614412 3.835386 -4.721371 1
4.195286 -2.418219 -2.186035 1
3.801823 -4.140706 -3.833600 1
4.252516 3.990451 -4.316799 1
-3.290764 -3.470193 2.626716 0
0.456384 3.218232 3.336469 1
-1.815185 1.219986 3.233059 0
-4.876873 -1.578875 -0.410945 0
2.266776 -0.084898 3.418722 1
0.442387 -1.275200 4.835889 0
3.256352 -2.473378 -4.304816 1
4.422752 3.005619 -2.019590 1
3.402967 2.608570 2.938885 1
-3.774919 -0.001527 1.275112 0
4.643803 -4.837770 -4.195374 1
1.897911 0.604617 -0.470574 1
1.733800 -1.139031 2.056048 1
2.428984 -1.716279 0.061667 1
0.880921 2.546583 0.710930 1
2.599820 0.949550 -1.680500 1
1.898715 -1.189344 1.049670 1
-1.826173 -1.545540 1.211900 0
3.507879 2.086171 0.677486 1
0.563926 -0.484845 3.961206 0
-4.374406 -0.075452 -0.998492 0
-0.767429 -1.814277 4.028176 0
4.943501 -4.214457 -0.022275 1
-1.736999 1.324248 2.563301 0
-4.636131 1.396791 -0.171583 0
1.575770 -4.624756 0.180788 1
3.392287 3.883123 -2.733041 1
-0.930228 -0.552950 1.782114 0
2.032487 3.018040 4.011464 1
3.514080 -2.749389 -2.802812 1
2.542255 -2.805888 -2.017269 1
-2.480019 0.457113 4.306979 0
-3.542761 -4.864819 3.926734 0
1.285657 1.710951 4.301978 1
-3.533555 0.103237 3.185102 0
-4.484483 -2.796012 2.704795 0
-3.766356 2.750555 2.973445 0
1.413562 2.812791 0.624670 1
0.720541 2.896072 0.395982 1
3.250484 4.353312 0.531163 1
2.177218 0.638968 -2.757886 1
1.479196 2.105413 2.345351 1
2.296450 -3.645666 3.722349 1
0.001244 -1.423487 2.958824 0
-4.275921 -0.189843 0.709379 0
3.697524 3.240988 -3.997811 1
3.865081 -0.345450 3.814979 1
-0.510249 -4.624909 1.711052 0
4.885733 3.625575 1.064364 1
2.659010 -2.718010 3.808745 1
0.004361 1.946288 4.647562 0
3.203896 4.968061 4.388566 1
1.505859 2.323046 2.087565 1
3.209191 -0.017944 4.369554 1
2.017936 4.986417 1.315842 1
2.667394 -3.245789 4.802561 1
-2.754197 4.958106 4.770621 0
-3.365631 -1.128619 3.436206 0
4.263923 3.786844 0.966872 1
-3.451972 -2.482713 2.987289 0
-0.792776 -2.041218 4.893439 0
0.491995 4.464640 2.216485 1
3.264956 -3.642735 -1.305902 1
3.823535 4.024659 0.448309 1
3.626096 -3.729538 0.406415 1
3.396717 -2.095169 4.277796 1
-4.904450 2.944675 0.370949 0
-2.719492 1.209632 1.728214 0
-3.577085 -1.340737 2.023335 0
3.294405 -1.843694 2.153709 1
-3.700244 -3.946686 -1.850730 0
2.349886 -1.570628 2.303577 1
4.830973 -4.173106 0.996006 1
1.854307 2.656224 3.051986 1
1.782473 -1.236649 1.940889 1
3.879392 2.935118 3.629588 1
3.430801 -4.016781 -0.738324 1
3.733779 -0.738088 1.463853 1
4.827724 -3.388202 4.893225 1
2.131301 0.689897 4.297204 1
4.468044 0.520870 -4.875903 1
-4.543074 3.037042 4.478790 0
4.086514 -2.269865 -2.832396 1
-4.808116 -3.839064 -1.849177 0
4.768550 0.479223 4.695709 1
0.546929 2.370344 -0.106548 1
1.517317 -4.378295 0.979214 1
4.668140 0.075265 -2.275342 1
0.101938 -0.156186 3.203882 0
1.105154 2.201845 0.949078 1
-1.897441 -2.375323 2.855371 0
0.620833 3.171606 0.225714 1
-4.485715 -3.501143 1.112095 0
-3.528192 2.236810 3.506927 0
2.451022 1.904950 -1.417809 1
-4.824319 -2.993112 3.426005 0
3.379563 1.804535 4.502222 1
-3.109608 -2.090310 1.704068 0
2.839470 1.012249 4.328745 1
-4.079445 -2.852633 3.999208 0
2.032650 1.712753 0.368987 1
-2.111603 -4.155643 4.041662 0
4.094687 -4.425781 2.963601 1
3.423432 1.269060 4.596682 1
-0.077010 -0.777735 3.456803 0
4.705746 -3.036210 3.950291 1
4.935985 1.426182 -3.584914 1
-3.785227 -3.294802 -0.005809 0
-1.833875 -4.200115 0.568410 0
-4.273592 0.147100 4.027085 0
4.411524 1.448270 0.007048 1
3.361815 1.384255 -3.566770 1
4.776901 3.557366 -4.252191 1
2.030535 -2.061736 -1.747108 1
-0.563585 -0.205602 2.623309 0
-1.536500 2.264856 2.693399 0
1.712851 3.192116 3.055467 1
3.672518 -4.057537 -0.202009 1
1.722823 3.715802 2.630516 1
3.156052 3.492703 1.187882 1
3.903861 -4.470953 0.960021 1
-3.643132 2.559582 3.898286 0
2.085970 -0.405058 2.760674 1
-0.290721 3.058442 0.025530 1
-4.541855 -1.556189 -0.839891 0
1.502398 -3.117591 -1.770101 1
0.179104 -0.091050 4.969758 0
3.145380 -3.005080 -0.435300 1
-4.068415 4.106877 2.394435 0
3.309341 -0.178841 0.997832 1
-2.176563 -3.676443 2.880241 0
2.775938 0.777267 1.861025 1
-4.972413 -2.941915 2.160215 0
4.838818 2.237189 -2.930835 1
4.808576 0.382569 -0.935915 1
-0.609146 1.369440 4.440183 0
-3.773067 2.502218 0.584898 0
4.107174 -1.444446 -3.958631 1
2.025877 -3.668508 1.818636 1
-1.113098 -3.640920 3.876722 0
-3.952883 -3.802102 1.113911 0
2.180367 0.379751 -2.214897 1
2.948651 -2.623830 0.005312 1
2.823812 1.767024 -3.625249 1
2.263995 -3.003876 1.053532 1
-3.474663 -1.776943 -1.444250 0
2.110235 -2.669769 2.111305 1
3.151604 4.356108 3.442797 1
-0.029760 -1.756990 4.801877 0
4.960872 2.406408 -2.993750 1
-3.542648 -0.413224 2.386002 0
-0.757545 -2.464573 4.762171 0
4.247767 -4.640761 1.529196 1
-4.377482 2.623234 3.525320 0
-4.768199 1.258806 -0.921392 0
2.343105 -0.589591 -1.565284 1
0.785902 4.380649 1.677725 1
3.593805 -0.354165 -2.038964 1
0.979807 3.888290 0.496462 1
0.741978 3.136057 0.855702 1
-2.455130 0.666426 3.886312 0
1.623478 -1.990469 -1.703279 1
1.735919 -0.616787 0.904981 1
2.703771 -4.029232 4.093463 1
4.039066 0.544380 -2.372412 1
-4.608770 -1.442468 4.522219 0
3.680706 -1.419432 -2.571765 1
-3.641924 -4.683513 1.811448 0
2.263057 3.020258 2.782217 1
-4.904182 -1.862645 -2.108830 0
-1.512950 3.064114 2.735059 0
2.966114 3.431953 3.987980 1
3.589384 -1.184063 -2.489647 1
-2.777814 -2.503357 1.090921 0
-3.538131 -3.882224 -0.572335 0
4.244086 2.474296 3.525954 1
4.482045 -4.706480 4.336192 1
-1.340427 -1.219429 2.400306 0
-3.605368 1.789841 4.334587 0
-1.516284 -0.244045 2.766539 0
-3.927030 -4.782055 2.933839 0
2.480377 -3.320185 4.051615 1
-3.091958 -4.076100 1.525912 0
-3.566503 -4.343606 3.170118 0
3.833803 -2.948973 -0.040042 1
3.168390 0.534743 4.715913 1
2.517406 -2.011512 3.628776 1
-3.403475 -0.938543 3.846721 0
4.530365 -3.458165 -4.473464 1
3.581980 -1.550123 -3.549563 1
0.107892 -1.116127 3.965213 0
4.203918 0.981177 0.962034 1
-1.406536 2.414674 1.618429 0
-3.236418 1.248477 3.669455 0
1.723540 -0.583133 -0.795802 1
1.439453 -4.648205 -2.789363 1
4.500704 2.869201 0.199125 1
3.129481 4.465726 4.260582 1
2.502738 2.578071 -0.747706 1
3.953174 -2.314037 3.136166 1
2.918387 -3.110119 -0.882657 1
-4.501150 2.246927 2.780494 0
4.168305 -1.029533 -2.802639 1
-4.217735 3.040104 4.884084 0
-4.957153 0.016306 3.880175 0
-4.154736 -2.480956 1.458246 0
0.097557 -3.527781 4.144209 0
2.351067 -1.728973 1.517434 1
3.883084 -1.230123 -1.235639 1
3.860939 1.310685 3.144747 1
-3.589905 -3.106175 3.055371 0
-3.171548 -2.323910 1.095475 0
-4.407289 -1.435800 -1.369174 0
2.050957 3.661758 0.103045 1
2.229255 4.246548 2.764678 1
2.511050 -0.206789 -0.527264 1
-3.554005 1.892697 0.353336 0
2.541470 3.605233 3.072272 1
3.653252 4.197944 -3.363527 1
2.387123 -2.555935 -2.806288 1
4.645451 -1.579991 4.569893 1
-3.819995 -4.068942 -0.636896 0
4.113409 -3.986446 4.974196 1
-2.460983 2.208277 2.777372 0
1.667433 3.760251 1.143658 1
3.107693 3.405701 4.563667 1
-2.959310 0.238448 1.671660 0
-4.942057 -3.325390 1.239220 0
-1.860558 -4.211981 2.252774 0
-1.886363 0.254763 0.807799 0
4.470438 -3.030730 -2.491570 1
-1.503289 1.442990 4.387907 0
4.967049 -1.889577 3.148158 1
0.674373 3.895702 1.139565 1
4.079978 -0.866223 -1.159358 1
1.332752 2.247414 4.095405 1
-2.859449 3.940480 1.889185 0
2.665056 -3.092370 0.301444 1
-3.245020 -1.340242 3.525684 0
2.894545 4.828856 4.462076 1
4.272558 -2.330385 -4.543589 1
-2.674819 -3.250407 -0.409812 0
-2.849587 0.379522 4.189001 0
1.310311 -4.902459 -2.028691 1
-2.122155 -0.051814 -0.554691 0
-2.660079 -0.779256 2.114924 0
-2.203667 1.545925 3.864517 0
2.386520 -2.288252 1.946863 1
4.224123 2.972976 2.169759 1
-4.997795 -4.876611 -2.450719 0
4.191207 -3.867744 0.593859 1
-4.712162 2.442567 0.691400 0
-0.784158 1.516906 3.043703 0
3.832294 4.394751 -2.008110 1
-1.722397 -3.265327 2.212634 0
-4.607472 -0.468995 -1.241441 0
4.257045 -3.082474 1.470308 1
-3.483193 -4.377102 -1.858504 0
2.208207 -1.117955 0.306241 1
3.198269 3.097887 -3.176852 1
4.233862 -4.792216 -2.047428 1
-4.794945 4.857357 4.401103 0
4.831986 -2.718836 -0.375504 1
-2.289715 -3.916088 3.281396 0
-1.746963 -2.797441 2.716328 0
1.961308 4.272127 4.948895 1
4.605872 -1.202129 -0.968210 1
-4.243023 0.284990 -0.163911 0
-0.925885 -1.016373 1.796581 0
3.657020 -4.996906 -2.710958 1
1.938416 -1.743869 -0.508400 1
2.728952 0.157081 -3.348394 1
2.677847 -0.237047 0.449477 1
-3.290363 -4.104566 4.079333 0
3.022590 -3.347589 -0.635677 1
0.451766 3.038180 1.505973 1
-4.765881 -0.274752 0.253781 0
4.714680 -3.158317 1.069250 1
3.794013 4.864273 2.721661 1
-2.813344 -4.576934 -0.801025 0
4.787316 4.619061 2.401568 1
-2.900895 -2.533223 -0.418985 0
2.683783 1.446660 1.554745 1
-1.246967 0.240673 1.419018 0
-3.525306 3.399010 4.141970 0
-1.839580 -0.920308 2.316689 0
-2.115674 1.266348 2.739755 0
3.523765 -1.506502 -4.712705 1
-1.763173 -3.822719 1.733955 0
4.791571 -0.069687 -3.025372 1
0.352559 4.565427 -0.546670 1
-2.974699 -1.052581 0.010566 0
-0.650803 4.706103 -0.121478 1
2.904511 3.229868 3.372020 1
3.191806 -3.533306 4.549301 1
0.418499 2.924966 1.380273 1
4.202580 -1.560666 -4.920404 1
2.574600 -3.368860 -3.453710 1
2.123901 1.556901 -2.195444 1
-2.061816 -2.541326 3.585485 0
0.837984 -0.094291 -0.514849 1
3.270839 -4.675792 -2.589883 1
1.794738 0.077330 4.130565 1
3.644467 -0.720090 -2.430101 1
3.724063 -3.145491 -0.798961 1
1.443143 1.008245 2.405223 1
4.513779 -4.882932 -2.364860 1
2.220102 3.931449 -0.399839 1
-2.820919 -2.723287 -0.839504 0
1.394311 0.625032 2.230557 1
-3.659140 -2.931826 -1.761198 0
3.746083 2.096802 0.085032 1
-3.942986 1.610581 0.202100 0
-1.307846 3.534477 4.970280 0
3.291961 0.924421 -4.327966 1
-2.107878 2.345561 4.873837 0
-4.368811 0.918954 2.775581 0
2.861746 2.259814 4.843756 1
-3.899452 1.005896 1.940558 0
1.185580 2.062911 -1.448861 1
-3.642041 2.835631 1.139730 0
-2.108842 -1.618060 -0.155951 0
2.328162 -3.332097 -1.442373 1
0.439196 3.203456 -0.358688 1
2.524812 4.561416 -2.523057 1
-1.335458 -2.547426 0.858883 0
3.508591 2.084316 2.532783 1
4.277060 -2.611908 -2.901196 1
2.391091 2.565705 -1.864481 1
3.587391 4.997611 -0.666928 1
4.404832 -0.054889 -0.036731 1
-4.885585 -2.727636 4.982502 0
2.232670 -1.538282 -3.003509 1
-1.908447 -3.029691 4.080808 0
-2.276860 3.638460 4.034605 0
0.858659 -1.331775 -1.071527 1
-4.337919 -2.744384 -1.073915 0
-0.004847 -3.339552 3.871196 0
4.958422 2.888616 0.704364 1
-3.262532 3.003032 2.976728 0
-3.280030 -2.241241 2.773903 0
-2.658814 -1.292683 -0.546701 0
-2.155308 -2.710884 1.759984 0
4.570445 2.904772 3.564665 1
0.274809 4.642240 1.567696 1
-1.748464 -3.637790 4.326455 0
-3.974560 -2.373903 4.317885 0
0.466991 3.227662 1.108183 1
4.920290 -2.962252 -2.461360 1
-1.987951 -0.117560 -0.172244 0
4.772033 -3.344395 2.778954 1
3.787633 -2.645146 0.725304 1
4.463682 -3.074701 -1.369924 1
3.028346 2.200108 -1.727684 1
-1.077502 -3.522915 2.260623 0
-0.711927 -2.862525 3.294949 0
4.115829 -3.090492 4.950554 1
1.894783 -4.302859 -2.694592 1
-2.379913 -4.839177 -0.769293 0
4.522479 -2.214788 -3.117540 1
-3.582371 4.948093 2.097690 0
0.939489 2.338775 0.428253 1
4.351999 -3.373152 2.565728 1
2.646948 -4.257323 4.475236 1
4.902909 -4.742453 -4.666800 1
-0.866383 1.507710 3.522370 0
2.446892 -4.812805 3.015293 1
-4.193563 -3.395176 2.963386 0
2.904128 1.169552 -1.447271 1
4.635207 -3.538960 -2.481648 1
2.200935 4.107988 -1.738971 1
2.181748 -4.257985 2.663745 1
2.011699 -1.246661 -1.118871 1
1.543107 1.670858 -1.235454 1
2.434611 1.306065 0.225586 1
4.952963 -1.493000 -0.666427 1
-0.887520 2.031719 2.647460 0
0.268516 -0.786534 3.389475 0
1.626196 1.929283 3.449261 1
-4.492675 -3.043724 -1.990963 0
2.648783 -3.510239 -2.856202 1
-3.586671 3.924372 3.449864 0
-2.988449 1.203806 4.171754 0
4.659011 -3.527678 -1.614780 1
3.048486 -0.595417 -1.697196 1
4.675645 0.180166 3.624778 1
-3.180556 1.593495 2.549151 0
-4.730693 -1.767590 1.426486 0
-2.773829 -0.795102 3.517812 0
-1.462039 0.875460 1.193939 0
4.781452 -3.259628 0.878953 1
3.406231 -1.440184 -2.527552 1
-2.618133 1.055295 4.909757 0
-4.100321 -4.578498 1.126206 0
-3.184764 -4.117356 0.925611 0
2.210464 -0.786863 -2.479286 1
2.909251 -1.005411 -0.738913 1
-1.211796 -2.599180 2.820903 0
-3.034490 -4.261931 2.705321 0
-3.124733 -3.362253 3.126823 0
3.001472 2.259044 -2.913714 1
3.522714 0.531097 0.644260 1
3.978701 -2.258439 4.857396 1
-3.500584 -4.349188 -1.148014 0
-2.063247 -0.459556 1.984824 0
-3.936424 -2.458083 -0.756133 0
1.118791 3.473803 -0.193815 1
4.549991 -1.764863 3.168670 1
-2.256296 1.048303 3.615877 0
-4.694281 0.316955 4.634735 0
0.449186 -3.646088 -2.393529 1
4.294692 -2.183492 -2.819240 1
-4.171793 3.575388 2.165487 0
1.902168 -3.680908 -1.786210 1
1.678976 3.612382 2.728910 1
1.313710 -1.275714 -1.757786 1
0.632540 4.959183 3.249950 1
3.948783 -4.614463 -4.345346 1
4.081568 4.680228 -1.528838 1
3.427815 2.410603 -1.634358 1
4.620808 -0.582270 -4.116056 1
4.518801 3.999053 -3.771336 1
4.056810 4.412369 -3.243421 1
-3.986196 0.248398 2.285538 0
4.089166 -3.837261 -4.380165 1
4.932294 -4.318460 4.618888 1
-3.839042 -4.145005 2.699509 0
-2.930150 -0.500388 2.042458 0
-1.512823 -4.809220 -0.186778 0
3.873263 -0.781492 -1.893115 1
4.442828 -1.692326 -0.730376 1
-4.937337 -1.760032 -0.048836 0
4.681550 -0.599075 0.806160 1
4.236738 -2.726939 4.744141 1
-1.537672 1.344749 4.720847 0
-0.906236 -0.497932 1.724642 0
-4.586354 -2.181841 -0.749176 0
-0.316730 -2.119179 2.490791 0
4.634434 -2.437629 -3.108283 1
0.440594 4.943430 3.362492 1
0.987058 2.066013 1.938253 1
0.707905 3.219860 3.718893 1
1.419260 -2.686376 -1.779039 1
-0.912948 -4.965970 4.414450 0
3.337876 -0.282700 -2.704728 1
2.720384 4.792328 -0.198927 1
-0.003176 2.768668 4.837716 0
-3.064923 -1.523427 3.057576 0
-1.125069 -1.960265 4.991585 0
4.885674 0.464663 -0.257085 1
-2.819055 -3.706670 4.094649 0
2.038588 4.013714 3.886977 1
-3.160339 0.096590 -0.574330 0
-3.992320 4.499909 1.207281 0
-1.382901 1.431810 2.452522 0
-3.325325 2.085781 2.348355 0
-2.962541 -3.568065 2.514878 0
-2.936926 -3.682391 -2.020459 0
1.805989 -1.501446 -0.727128 1
-0.212385 -2.623197 3.383176 0
4.213285 -1.615517 2.883084 1
4.396514 -4.219035 3.811628 1
1.849036 -2.544360 0.897408 1
-0.802609 -0.498485 1.858120 0
-0.414519 1.538974 3.290056 0
-2.899641 3.602048 4.607664 0
4.352772 -3.691325 -1.356639 1
-2.360643 1.096290 1.020164 0
-3.977467 0.309575 4.404647 0
3.905617 -4.269859 1.568513 1
-3.714565 -4.873345 2.349478 0
-4.902937 1.975691 4.805118 0
-3.857353 2.858921 4.447655 0
-4.249689 -2.061179 -0.144308 0
-1.143470 -2.708407 1.164368 0
2.499890 -0.069050 -2.739342 1
-1.479946 0.953483 2.570233 0
-2.075300 -0.140899 3.300373 0
4.493213 1.144536 3.427028 1
1.842691 1.241598 0.402719 1
1.647808 -2.763931 1.575800 1
-4.600974 -0.723995 2.311768 0
3.826055 -3.881304 -1.446634 1
-1.861063 -4.479008 2.109403 0
1.464326 2.872088 -0.070830 1
-3.111976 -4.860150 -1.732792 0
-2.757327 -0.331730 0.125300 0
3.550804 1.766923 4.908093 1
4.718036 2.165949 -0.815902 1
2.029804 0.992004 0.302794 1
-4.416830 -4.779223 -1.930701 0
1.372605 -3.974649 -3.209757 1
2.250701 -0.835712 -2.688765 1
3.451125 -1.039165 -3.047983 1
1.647503 3.091532 1.760138 1
-3.832211 -1.026653 1.905791 0
-0.762913 -4.654047 2.931142 0
3.338566 -3.043243 4.591939 1
-2.581505 -4.592117 -1.447226 0
-0.629488 -1.211822 4.401633 0
2.442588 4.754376 -1.113948 1
-0.872399 -4.077836 2.859399 0
-3.966608 0.159252 3.205352 0
3.964534 -3.813417 0.802005 1
-3.940036 4.525149 2.758762 0
-4.348097 -3.056356 3.166645 0
-3.900524 0.999054 -0.401011 0
0.234978 -2.251368 3.488370 0
4.616904 -0.681179 4.164910 1
2.476303 0.352213 -0.675838 1
-3.516340 0.376711 0.035894 0
4.242422 1.028614 1.979538 1
2.409067 -4.766709 -1.706306 1
4.363890 -1.160399 1.070231 1
1.353384 -4.825945 -0.182083 1
-1.915500 0.521811 4.327957 0
-2.750589 -2.001886 -0.319831 0
1.573573 3.679769 3.996916 1
-2.915682 -4.836571 -0.626373 0
2.393444 1.178809 -0.524867 1
-1.536325 2.933203 4.414210 0
0.532960 -0.713413 4.588265 0
-4.649123 4.128342 0.493172 0
4.368139 -3.964174 -2.307133 1
3.365055 -1.879856 -2.143704 1
-1.859077 -0.659895 4.077065 0
3.251588 0.197224 -1.810923 1
2.665799 -4.269816 2.475665 1
2.254064 -3.918940 1.604006 1
-2.252764 1.441073 3.816849 0
2.775318 -4.502818 -0.685072 1
-4.531814 3.862237 2.435072 0
-1.675518 -3.399081 2.675427 0
4.919568 1.769885 3.946305 1
-1.891354 -0.564316 4.676489 0
2.188317 -0.563016 2.198622 1
1.005166 3.199204 3.327665 1
4.284267 0.974522 3.824847 1
-1.400805 1.442708 2.687084 0
-3.965734 4.767190 4.288003 0
3.709693 0.353819 -0.970155 1
-4.274774 -4.982487 -2.451858 0
-1.902899 -1.369962 0.443458 0
-1.145350 -4.181645 4.880442 0
-3.946728 1.823521 3.079646 0
4.380937 1.107788 -0.945832 1
0.180870 4.450943 0.617885 1
4.210714 -4.823832 0.635398 1
-3.241144 -0.349525 0.572480 0
-3.923117 3.071087 3.618207 0
-4.845506 1.076109 4.890121 0
3.234140 0.457046 0.997909 1
-2.711692 -1.337170 0.704892 0
-1.950750 -0.263434 0.897084 0
3.667134 -1.052719 1.073252 1
4.875012 1.783020 3.794814 1
3.493219 -3.386386 4.963001 1
-4.258535 -3.112334 -0.014161 0
-1.301814 -4.723700 1.518995 0
4.696096 -2.435392 -4.818176 1
0.400988 0.349792 4.737521 0
2.744213 2.066176 3.421368 1
3.284846 -0.713531 1.453964 1
4.346795 2.984655 1.730264 1
3.680590 1.490545 -3.521411 1
-4.345437 0.951597 2.224121 0
2.108528 0.298392 0.208776 1
-1.866336 2.211794 0.971265 0
-4.177967 -1.743849 -1.426788 0
0.132813 3.463456 0.463238 1
2.592062 -0.293785 -1.870010 1
-4.470286 0.360778 4.081587 0
2.753835 -2.530694 -0.620021 1
-2.037389 1.308098 0.544160 0
-3.176597 2.220089 0.752883 0
-2.276465 3.042122 4.009034 0
2.455999 1.517353 -0.845932 1
-2.080762 -0.890586 3.860283 0
1.049227 -0.360872 -0.778939 1
4.510793 0.355575 -2.001535 1
2.810908 -1.968885 4.660316 1
-1.436209 0.754650 2.702438 0
-2.427175 -2.948603 1.676474 0
-1.481399 3.411901 3.061014 0
4.209213 0.867901 -0.421633 1
-1.636720 3.787138 3.687781 0
1.444625 4.967179 0.719873 1
3.573684 -2.656167 0.314275 1
3.234000 0.907624 -3.931075 1
-4.326074 -3.791737 2.400124 0
2.381211 3.539140 -0.059074 1
-0.218665 -1.208567 4.512470 0
-4.031403 2.731507 1.307577 0
-3.007776 -0.001509 4.547309 0
-2.016969 2.985348 0.922032 0
-1.548190 -2.952347 3.430213 0
3.453515 3.393118 4.512077 1
4.052216 -2.218476 -0.919756 1
4.459417 -4.206942 -0.723969 1
3.971887 -3.238345 -2.992462 1
-0.173227 1.736910 -0.008623 1
-4.251195 -4.811279 2.039031 0
4.179018 3.642236 0.432149 1
3.691095 -0.558710 0.485008 1
2.519037 -1.506495 3.266532 1
-3.400719 -0.720666 1.897044 0
3.305367 2.229129 0.463480 1
-4.687095 -2.491407 4.217360 0
2.318935 2.335366 0.954270 1
-2.689688 3.084171 1.142991 0
4.349343 2.263189 -0.214773 1
-0.218508 0.954284 4.226517 0
3.533031 0.072602 1.999356 1
0.430075 3.617340 0.797180 1
3.338842 -2.353324 -0.945578 1
2.504147 -3.735051 -1.207856 1
-2.324223 -4.105805 4.211682 0
3.818768 -4.756462 1.474870 1
-2.169489 0.291529 0.902476 0
-2.450111 4.254635 4.592417 0
3.347069 2.593477 -2.760907 1
2.477187 -1.140201 -1.960031 1
3.604698 1.535576 -1.065836 1
2.816379 0.354344 -0.822298 1
1.720404 -3.211150 -0.505739 1
-2.377120 2.339384 3.318822 0
3.620603 -0.677124 -3.060629 1
-1.923312 -3.199937 0.799170 0
1.116657 -4.595239 -2.665254 1
-4.949179 3.221140 2.689090 0
-0.771476 -2.487611 1.647429 0
-1.568744 4.232794 3.436280 0
2.925517 -3.144327 0.775663 1
1.244339 0.453630 0.664936 1
3.984731 -0.926530 -0.460888 1
-1.214190 -2.305927 3.861988 0
-1.140902 -3.061761 4.287952 0
3.195618 4.598019 -3.966865 1
-2.592439 -1.232125 3.342438 0
3.072497 2.585671 1.986442 1
1.512887 -4.643788 -1.246016 1
0.374876 1.081393 4.524746 0
2.103739 -3.535157 -1.649596 1
3.192033 -3.791351 4.115186 1
4.225168 2.840546 1.638722 1
-4.543585 3.320604 2.992269 0
2.442857 -4.705620 -0.437329 1
3.502768 1.807268 -0.081117 1
-3.218501 3.219070 3.606021 0
1.544066 -3.285499 -1.916106 1
1.061233 4.906534 -0.707457 1
4.695559 4.904473 4.985591 1
-4.304165 -3.314029 3.204661 0
4.301856 -0.120366 -1.472529 1
4.372719 -3.576300 0.241971 1
-2.543387 2.484933 0.148505 0
1.749156 -2.338648 -0.719793 1
3.882245 -0.523508 0.525887 1
-3.736559 1.698229 2.227981 0
-3.034758 1.912235 1.372932 0
-4.235129 -3.615529 -1.074875 0
-4.249538 -2.919693 0.611096 0
3.955123 -3.617837 -4.509270 1
2.724565 -1.788505 4.399363 1
2.153277 3.842896 1.537207 1
4.907145 -2.928420 -4.852328 1
4.836951 0.503459 1.683525 1
-4.672320 2.986052 2.438407 0
-1.297811 0.736965 4.453450 0
-4.760604 3.416129 4.559788 0
-1.377495 -0.396648 1.664370 0
3.680144 4.129936 4.010579 1
3.103438 -3.463322 3.210707 1
3.753341 -1.821848 1.794395 1
4.363895 1.880341 -2.468640 1
3.817345 2.119737 -4.052511 1
3.377133 -4.405430 4.270763 1
-4.991499 -0.782925 -1.125885 0
1.672871 4.676163 3.778196 1
4.135115 3.356307 2.908133 1
3.145693 -2.662187 1.875020 1
-2.340269 -1.997157 1.169587 0
-4.835078 4.223517 2.764758 0
-2.085467 1.426497 4.696141 0
-4.650003 -1.960093 -1.930733 0
1.519584 3.199728 -0.824452 1
2.759521 3.075229 2.717546 1
-2.065272 2.778410 2.243412 0
-2.692968 -1.654746 4.477895 0
-4.964358 1.820231 4.858072 0
2.346880 2.915662 -2.332038 1
-3.617949 -1.974071 -0.596861 0
-0.359261 0.900954 3.834597 0
-1.342165 1.899062 2.899587 0
2.801878 4.833790 0.677997 1
0.045289 -2.859179 4.023251 0
2.279236 0.449862 1.703523 1
3.376943 -2.203258 -0.380815 1
-3.955095 -0.821207 2.645114 0
-0.717359 -0.240180 2.206542 0
4.092054 1.219532 -1.060606 1
-1.206698 0.788006 3.256679 0
4.636785 -4.830737 -4.464791 1
-2.349505 2.448499 0.985070 0
4.354019 0.825442 3.781812 1
-4.584074 -3.344398 -2.558035 0
1.496142 0.448904 3.229971 1
-0.247179 0.085689 3.399234 0
0.288029 2.736184 0.847733 1
-4.945089 -3.936593 3.543523 0
-3.664391 -4.782961 0.256444 0
2.470363 2.109497 -1.202402 1
4.912328 -1.394361 4.246503 1
3.142299 3.358459 -0.667809 1
-2.610734 -0.080412 4.158579 0
3.329266 2.884861 -0.230072 1
-2.873136 2.797189 3.375567 0
-3.626634 0.939488 1.734026 0
2.773933 -0.129712 0.300102 1
2.154498 -3.461306 3.264617 1
-4.191970 0.937399 0.171563 0
-3.225110 -2.875332 0.586060 0
4.435321 -4.546066 -1.529078 1
-2.419183 -1.045836 2.207599 0
4.314843 4.659721 4.688621 1
4.695358 2.433655 -0.441091 1
4.756526 -0.838207 3.098972 1
0.342587 -1.402886 3.552906 0
3.813509 2.802364 -3.866297 1
-4.918380 -4.616820 0.087867 0
2.289219 4.698023 -0.252412 1
-3.463251 -0.611159 1.547410 0
0.028386 4.658903 3.068074 1
-4.941282 -1.806419 4.646947 0
1.069927 2.535072 1.195643 1
-0.831101 -2.122341 4.792757 0
-2.278196 -3.308833 2.595121 0
-1.144492 -3.227213 2.978301 0
3.943374 4.062006 2.676324 1
-1.309037 1.039846 2.069705 0
-4.512311 -2.336301 -0.688970 0
-2.831514 3.829250 4.624647 0
3.364129 -2.001851 -2.497694 1
3.156886 0.719953 -0.806527 1
0.752007 4.575461 0.966260 1
3.476337 3.082003 3.644707 1
4.934883 -4.498381 -3.750312 1
-3.947668 -4.010692 -1.086613 0
2.452938 -1.707569 0.501960 1
4.579890 4.813447 -0.779938 1
4.739624 4.295762 -2.685642 1
4.643783 0.529308 0.221031 1
-4.681438 4.639721 4.983469 0
3.334147 -1.847292 -0.155315 1
-4.351495 2.920597 0.547079 0
2.778820 3.237307 -1.160575 1
-4.113403 -1.032296 -0.994629 0
-0.016317 -1.388513 4.534679 0
3.718176 -3.253566 -2.423245 1
3.888198 -2.935003 -2.783524 1
3.871667 1.603621 0.629561 1
-0.579410 -0.062232 3.782268 0
4.265275 0.586273 1.702866 1
4.538165 3.537753 3.696772 1
2.382961 -0.591966 1.275963 1
1.917640 -0.387252 1.203943 1
4.434565 -1.669077 2.950377 1
-0.772204 -3.909212 1.618995 0
4.857357 0.511378 -3.443237 1
3.639625 -0.223347 2.143036 1
0.342491 4.589007 2.901970 1
0.801956 4.127173 1.439722 1
4.643110 1.239928 3.215777 1
2.608861 -2.520956 -3.474314 1
-0.772144 -2.663600 2.037064 0
2.269347 1.619200 -1.965341 1
-1.594474 2.221570 4.727745 0
3.290380 1.864679 0.967673 1
1.506157 -0.541834 -0.781080 1
1.941055 -2.932973 1.697964 1
3.466741 1.294883 4.034364 1
2.317521 0.007158 1.328906 1
3.720245 0.836782 3.449377 1
4.250142 -1.893871 0.068577 1
-2.715199 1.239549 3.850980 0
0.207183 4.645075 1.072550 1
-4.097399 -0.558388 2.395395 0
0.121522 -3.617332 4.462422 0
-4.146150 0.353213 2.836808 0
-4.135760 -2.329265 -2.156034 0
-4.288900 -2.074077 3.026427 0
4.562080 3.133107 2.671502 1
-3.813018 -3.234506 1.633859 0
4.023790 -2.370267 4.304594 1
3.033310 -3.626788 0.463762 1
-1.311163 0.912325 3.526556 0
0.120074 -3.657998 4.438199 0
-2.660826 -1.579469 -1.343695 0
-1.965252 -1.030965 4.121707 0
3.634065 1.666224 -3.963210 1
-0.545492 2.148711 4.609399 0
3.929827 3.923184 2.111689 1
-3.292161 1.329377 2.385140 0
2.006047 -0.036557 -0.948637 1
3.042837 0.993235 3.750897 1
-4.547162 -2.513211 2.090697 0
-2.192090 3.414740 4.119334 0
-3.924693 -2.130752 1.268044 0
-4.315294 1.761955 4.817475 0
-2.176911 -3.141645 1.401486 0
1.514247 -4.211818 0.324670 1
-1.374064 -1.625685 2.282602 0
-2.908200 -2.911799 3.575422 0
1.143163 -4.868962 -0.431343 1
-3.015244 -1.608214 0.470186 0
-3.895910 -0.532907 3.339434 0
2.372134 0.151799 0.101389 1
2.189610 2.974887 1.959744 1
-1.408904 -0.510866 2.747927 0
3.915765 3.115070 -3.877759 1
4.810347 -0.086470 3.292596 1
3.385769 -3.943307 3.423634 1
-2.045574 0.950753 4.007511 0
0.480057 4.039599 1.866390 1
3.920879 -1.398657 4.993076 1
0.880623 2.192439 -0.517790 1
4.247782 -4.497313 -3.610766 1
2.671417 -1.542887 2.339987 1
1.678927 -1.533016 0.275496 1
4.078224 3.947040 -0.684905 1
2.962802 -3.312591 -0.671828 1
2.955877 2.568032 -3.479390 1
-2.561913 -3.803418 2.628814 0
0.035368 0.947372 4.935386 0
-2.823847 -1.178243 1.012104 0
4.516139 -4.499316 4.479088 1
4.106730 0.523521 -3.807341 1
4.833558 -1.513677 -2.119932 1
-1.688845 3.915655 2.592054 0
2.853836 -2.666895 -0.533291 1
0.843882 4.742898 -0.001654 1
2.936664 3.736393 2.794289 1
-4.976670 2.281778 2.321275 0
-4.331718 0.135614 4.654380 0
-4.897615 -2.653418 3.144505 0
-0.281492 2.081552 4.473283 0
3.274653 -2.074566 4.216181 1
4.945920 -2.317202 0.360746 1
2.110243 -2.293872 -2.357475 1
-0.568483 -1.625590 2.778139 0
2.099426 1.253633 -1.749002 1
-4.042972 -3.321737 4.622494 0
4.695587 3.734426 0.011419 1
-2.661888 -1.834056 3.385829 0
-4.883749 2.251841 1.895231 0
1.895944 -2.158636 0.507018 1
4.266232 -0.798465 1.746469 1
4.591797 -3.699038 -1.999898 1
2.238994 -2.395975 -0.436393 1
-2.749587 -0.057864 2.729551 0
-4.363758 0.058387 -0.018607 0
2.531473 -3.045668 2.822757 1
-3.194019 2.242784 3.599684 0
3.552450 1.834580 4.900646 1
-3.447448 4.677375 2.517215 0
3.284283 4.922286 3.999250 1
3.677071 4.411693 1.545411 1
1.406622 -4.952065 -3.396202 1
4.210772 -4.382101 -3.465318 1
-1.391079 -2.576121 3.777466 0
-2.791395 -4.023671 0.612046 0
-2.890750 -2.471118 0.289421 0
4.626466 1.608168 -4.721995 1
-0.283472 4.005914 2.361570 1
1.319802 2.682985 1.773263 1
-2.134787 -0.910392 1.821197 0
3.027142 -0.311606 0.018504 1
4.561824 3.297315 2.442384 1
3.339290 -4.494080 3.418713 1
4.240757 -2.758364 2.555762 1
4.518761 2.958914 -2.551787 1
4.719052 -2.324558 -3.545873 1
2.080622 3.995244 4.137113 1
-4.324918 1.329469 3.704343 0
2.536576 -2.742275 -2.804027 1
0.955289 1.209060 -0.188857 1
1.902884 0.449817 2.052779 1
1.906859 -0.312370 2.687135 1
3.360986 -3.231748 1.682379 1
2.498099 0.622136 3.542837 1
-4.275180 1.297219 -0.127694 0
4.429163 -3.627094 4.228918 1
-0.488047 4.003674 0.405078 1
-3.480931 -3.138154 2.063956 0
3.571848 1.320492 -2.967466 1
-1.416460 -1.772648 1.720164 0
-3.729325 -3.411662 3.488415 0
2.953054 4.086437 -0.889448 1
-4.402885 -2.937680 -1.752226 0
4.149546 -1.717801 2.210410 1
-4.236315 -0.198732 4.072256 0
2.827641 -1.626885 0.392749 1
4.860174 1.956656 3.620101 1
0.068753 1.180385 4.294876 0
4.179305 -2.323724 4.106133 1
4.587075 -0.955527 3.346553 1
-1.850360 1.126928 3.439730 0
3.542389 0.987102 0.396385 1
2.162490 -2.432560 -1.376284 1
2.370928 2.636193 4.804101 1
0.771937 1.402573 1.524850 1
-0.472636 -2.614150 4.552494 0
-3.489490 4.252824 2.088097 0
-3.224144 -1.669792 0.387385 0
-1.888370 1.111887 3.693444 0
-4.081341 -1.074382 -1.337675 0
2.820356 1.050288 0.164410 1
2.616221 -3.275643 0.119649 1
3.539340 -0.164014 -3.768463 1
3.312077 -2.055383 -0.979451 1
3.644195 -1.136724 2.946166 1
-2.693480 -4.830680 3.714254 0
2.613104 -1.688552 -3.506585 1
-3.132967 -3.202251 2.662167 0
-1.784742 -1.501830 1.281181 0
-1.103772 1.897578 3.303452 0
3.660770 -0.489318 -3.385100 1
4.727464 1.446175 4.482002 1
2.286538 -3.994097 3.166264 1
-2.670596 0.980681 1.165774 0
2.904692 3.882046 4.758067 1
2.386694 -2.167980 2.548712 1
-2.945211 -4.881442 3.554616 0
-4.778947 -1.313724 1.796326 0
1.942288 -1.246194 -1.479399 1
-1.891938 2.698109 4.655467 0
3.746758 -3.040613 3.469108 1
0.725410 3.335387 2.623690 1
4.037303 1.240079 1.505737 1
3.795370 -1.373227 4.337757 1
4.454953 3.661780 0.719250 1
-2.368979 -4.483400 0.376746 0
3.723820 0.279313 4.952212 1
-0.432686 -4.581234 4.260548 0
2.707263 3.927521 -1.685048 1
4.672708 3.382474 -3.023268 1
3.809318 -1.010951 -0.736827 1
2.898197 -1.187001 0.784497 1
2.850410 4.042556 4.859180 1
-4.310056 2.633499 0.595411 0
-4.236483 -2.820309 4.917894 0
1.486823 1.380967 0.264970 1
2.039676 1.315638 -1.790297 1
1.898856 2.745034 1.819573 1
2.176802 3.434978 -0.546928 1
-2.227787 -0.711916 4.252792 0
1.915531 -2.499833 -1.060534 1
3.109346 -3.272761 2.892082 1
-1.625684 -2.522765 3.459113 0
-1.271535 -1.267586 1.924342 0
2.895613 -4.227910 -1.760020 1
2.924889 -0.152253 4.419992 1
-3.369247 -1.999928 0.444726 0
2.329994 1.749028 -1.814690 1
3.841109 -0.141626 -0.087451 1
1.733191 3.232691 2.389784 1
0.356627 -4.037915 4.565233 0
1.341641 3.886974 -0.587020 1
4.469709 -2.104311 0.033012 1
-0.085565 1.286217 -0.051385 1
3.346971 -0.617184 1.749865 1
4.469169 1.499462 1.606634 1
-3.636543 -3.143911 2.568719 0
-4.071310 3.197730 1.455694 0
-2.592377 3.343507 1.902535 0
4.053882 2.247474 -2.023934 1
-4.601391 1.551633 1.549393 0
2.148474 1.020802 -1.951145 1
2.779521 -1.345381 2.062036 1
1.513816 0.456873 0.489587 1
3.680393 0.855482 -2.958780 1
3.278640 1.759063 0.446280 1
1.286257 0.862412 2.413848 1
-1.651707 -3.637438 3.443078 0
4.996395 -4.450400 2.976869 1
2.527201 -0.540221 1.836306 1
-0.205269 -2.791741 2.540671 0
-2.791421 0.556552 3.903233 0
-4.348344 4.395954 1.382264 0
-2.468413 -2.930029 1.880298 0
2.724605 -0.222166 -3.534317 1
4.533825 2.791017 0.155454 1
4.965499 -0.584258 -1.184125 1
-3.356242 4.210473 1.024134 0
4.184429 -3.580949 -3.419314 1
3.087662 -2.929292 -4.023360 1
-3.649777 4.806905 2.828051 0
4.583119 4.136939 -0.959042 1
2.476992 4.102439 3.456700 1
-3.707133 -4.253803 2.667173 0
2.317002 4.930626 4.086224 1
3.897688 3.018288 -3.843068 1
4.874327 -2.511787 0.759227 1
-2.079062 -1.161563 0.566132 0
1.885293 -1.152485 3.234375 1
-4.073749 -3.675492 2.336814 0
4.382951 -2.382625 3.083010 1
2.050123 4.934377 3.013636 1
1.136347 3.832064 1.031924 1
2.293279 3.706392 3.520137 1
3.618637 -2.623681 3.463317 1
-3.283721 0.731193 3.300048 0
3.046906 -3.044232 -2.435556 1
2.144341 3.841061 1.411960 1
0.378716 4.767312 2.736467 1
3.812177 -2.663268 4.120283 1
-0.155899 4.630011 2.826675 1
-1.635762 -2.317483 4.454005 0
-0.813871 -1.982566 2.561516 0
-2.513823 -3.935660 4.517284 0
-3.537419 -1.412603 3.125656 0
4.199049 1.302926 2.275919 1
4.552891 2.101466 -1.523696 1
4.841110 0.913643 0.813036 1
3.961393 -4.242256 0.443048 1
1.788068 -0.878018 3.125565 1
1.242073 4.844794 4.426719 1
3.072396 -0.969076 -2.555847 1
-1.490459 -1.969696 0.304570 0
3.911116 -3.217756 3.708963 1
-2.612581 -3.376646 -0.377395 0
3.200456 -4.415253 0.380349 1
-1.356497 2.372815 4.502331 0
-3.230932 -1.385113 4.347126 0
-3.804213 -3.312717 -1.621951 0
-1.360060 2.321195 4.895150 0
3.865606 0.981931 -0.506824 1
4.109240 2.116119 -4.287127 1
-0.510411 -4.240378 3.085687 0
1.612245 -0.487150 -1.818557 1
3.075118 -1.621545 4.163375 1
-2.431706 2.548631 1.780503 0
4.290823 -1.673698 -1.691253 1
2.795596 2.812936 -2.775590 1
2.923722 1.922176 4.340530 1
3.636595 -3.588235 -4.899848 1
3.422857 3.742731 1.353320 1
-2.480234 -2.927929 3.230586 0
-0.135415 -2.284516 4.157672 0
2.178246 2.725625 2.219086 1
1.518775 1.362220 3.630851 1
1.618927 -1.915498 -0.965464 1
4.247770 -3.492641 -2.222734 1
4.318826 0.837839 -4.690837 1
4.158454 1.403634 -1.828164 1
3.316126 3.048722 0.178143 1
-4.199900 -1.997443 -0.019954 0
-3.902989 -4.819197 -2.294329 0
3.316097 1.699578 4.067891 1
-4.018516 -2.433725 -1.340248 0
-2.694994 0.035604 -0.645288 0
3.797055 -2.276608 3.690005 1
2.864947 4.670341 -2.991489 1
-4.982660 -4.348175 -0.425214 0
2.825290 -3.527218 4.458003 1
3.583636 2.405977 -3.031813 1
2.390703 3.517315 0.278471 1
4.200327 -0.391301 4.685766 1
4.880760 -3.729299 -2.920501 1
-3.110729 -3.711960 -2.268677 0
1.464058 -0.034868 2.141899 1
4.206209 0.620047 -1.451683 1
4.434551 4.090625 -2.740259 1
-3.596842 -2.909418 -0.735487 0
-3.911076 -1.718664 2.670267 0
-1.501918 -1.837903 3.940967 0
3.308904 -3.484575 0.194139 1
3.999120 -4.843815 4.904811 1
-3.741139 -0.145318 1.820727 0
1.129883 0.135870 0.210533 1
0.785697 1.539028 2.301114 1
2.720476 -3.873966 -1.255453 1
1.661444 1.703614 3.795915 1
-2.196412 -4.278698 1.043843 0
4.624315 0.712685 0.055025 1
2.155126 2.628265 1.729923 1
3.783239 -2.939605 -2.812476 1
2.579154 3.950847 2.200042 1
2.890495 -3.964562 2.663364 1
3.923470 -1.065786 2.125805 1
-4.887369 1.737803 2.847107 0
1.156473 1.362118 -1.440208 1
-3.788501 3.306712 0.402360 0
-2.509807 -0.043230 1.108052 0
2.974102 -1.259992 3.168447 1
-4.838375 -3.680838 2.119294 0
2.361668 4.209657 3.154732 1
-2.849164 3.245758 3.826749 0
4.997943 -0.597769 0.188867 1
3.960095 2.016124 3.957416 1
-3.009280 0.148442 3.875494 0
3.807873 0.612736 2.572272 1
1.976320 0.774362 3.891435 1
-0.904385 -1.863971 3.101092 0
-2.749653 3.161060 1.234219 0
-1.833958 -4.690161 3.882209 0
3.354909 -1.132427 -0.504061 1
-4.192097 -0.181612 1.660505 0
4.683397 2.518209 -0.700860 1
-1.484339 1.326082 4.911876 0
-3.912067 -1.697598 0.686238 0
4.979368 2.398017 3.822267 1
3.080460 4.648363 1.983327 1
-0.685320 -1.012344 2.295224 0
3.794657 2.153698 2.605062 1
2.676866 0.508606 -3.527364 1
-1.315132 3.166997 4.118692 0
-4.654626 2.850394 1.636901 0
-4.757373 -2.566643 -1.336598 0
4.064894 -4.486183 -1.688235 1
-4.051493 -3.699980 4.961725 0
-2.578857 -1.527175 2.320819 0
1.721447 2.157693 0.487815 1
-2.522960 -2.852420 -0.295735 0
-3.294592 1.946597 4.591610 0
3.680575 -2.940287 -0.066075 1
-4.566885 1.351665 4.857099 0
-1.796525 -3.665605 2.990684 0
-3.754052 4.251459 1.842234 0
3.404202 -4.043133 -1.211169 1
2.995812 1.325678 4.800322 1
3.101240 0.006253 -3.139965 1
-1.964836 -4.013751 2.263193 0
-3.407757 -3.580635 -1.385142 0
-0.220735 4.529865 2.881923 1
0.266882 -2.266660 4.216318 0
-0.973105 1.920986 4.561757 0
0.687252 3.057390 0.554260 1
3.952971 0.878240 3.317695 1
4.078965 2.798518 -4.152969 1
-3.641822 3.036582 4.772205 0
3.724025 -3.422053 4.772808 1
-0.721716 -0.471608 4.422441 0
-4.960261 -4.953333 1.399656 0
3.357434 1.881561 2.544778 1
4.408469 -2.067228 -3.052534 1
4.734527 -2.988262 4.745984 1
-4.418442 -1.630085 2.782566 0
-4.646237 2.964173 4.846043 0
2.046955 -2.879813 0.736738 1
3.762372 -4.155788 2.314684 1
3.535180 0.122496 -3.156924 1
2.957621 1.374405 -2.063228 1
3.479036 1.414144 -2.016562 1
-0.121308 -0.228423 4.864999 0
-0.883080 -0.503868 3.179425 0
-3.100514 -0.150105 1.143597 0
-3.254471 -3.103150 3.263785 0
2.482267 -4.340778 4.107997 1
4.576799 0.631058 2.019042 1
-2.574764 -2.066780 0.970666 0
0.223008 2.304156 4.885239 0
-4.967483 -3.578924 -0.618629 0
3.211942 -1.679438 4.231266 1
1.562713 -1.437865 -1.235180 1
0.372376 3.547609 2.207791 1
-3.656958 -1.229383 -0.488054 0
-3.771719 -1.196866 0.933022 0
0.609652 -2.984924 4.253584 0
0.969035 3.989940 1.868033 1
2.756373 -4.282739 -0.786657 1
3.738113 1.675076 3.198679 1
-4.363305 1.819545 2.883188 0
1.631002 -0.236757 -0.995452 1
-2.435976 -4.627104 1.019624 0
2.218660 2.677335 3.772516 1
2.178154 0.185904 3.829851 1
-3.507861 -2.783774 -0.443266 0
-3.306447 3.847228 4.319977 0
0.698101 -3.588748 4.692873 0
-3.282274 -1.771139 -0.093313 0
2.585585 4.590120 -2.293908 1
1.358101 0.007459 2.255302 1
3.368407 -2.814387 -2.558794 1
2.198257 2.246955 -2.461625 1
3.220029 3.739093 -0.245399 1
-2.903260 1.130747 0.013081 0
-3.210388 2.848473 3.241942 0
-2.214165 2.444583 4.979547 0
2.814593 0.030169 4.569667 1
-4.479315 -3.611730 -0.422874 0
2.775987 4.756677 1.762739 1
2.510169 2.951726 -1.818567 1
-3.888002 -4.951534 4.312181 0
-3.024892 -3.679788 1.561675 0
-2.135813 2.648669 4.691725 0
1.873881 -4.595763 -0.133311 1
4.622668 2.914406 -2.181585 1
-2.883718 0.151483 -0.295042 0
4.276935 4.518505 -1.760665 1
3.394027 -3.506388 -0.440453 1
1.547546 -0.027411 -1.650159 1
4.527660 -3.925964 -4.218683 1
-2.735549 -1.061777 3.429986 0
-3.043823 -4.187896 3.834223 0
1.822865 -4.565228 1.748628 1
4.641280 -1.761127 0.775032 1
0.012000 2.981819 0.386899 1
3.706352 -0.470635 -4.640512 1
-2.162490 1.321476 0.371748 0
-3.732504 3.277652 1.183852 0
-4.898281 0.100518 1.618624 0
-2.374620 2.249958 0.212651 0
-1.448105 -0.536924 4.844740 0
-3.677553 3.633882 0.382040 0
-3.318065 -4.309926 4.439064 0
-1.884541 -1.472415 0.760540 0
3.487207 -0.204919 -0.961807 1
-0.328941 -0.103200 4.138711 0
-3.710317 -3.252852 -1.119492 0
1.359830 2.924422 0.593542 1
4.075427 2.856884 -4.563399 1
4.928101 4.179331 4.070482 1
0.310141 -4.138735 4.760557 0
-4.490254 -2.536068 3.083223 0
2.567158 4.571853 4.099698 1
3.697624 0.931683 2.024120 1
-0.708834 -2.863747 3.945457 0
2.356018 -3.291126 -1.716406 1
3.419263 4.943462 3.843258 1
-1.853566 2.510620 3.415111 0
4.270251 -4.500591 1.483047 1
3.215708 0.299646 2.694727 1
0.018049 -4.463517 3.834508 0
-4.000280 -0.156197 0.284430 0
2.842658 3.911680 1.483558 1
3.662319 1.267698 3.192431 1
-3.054087 -3.293062 -0.550756 0
-2.635502 -4.873798 -0.607294 0
4.622867 0.518766 3.111569 1
-1.030339 -0.210983 3.610978 0
-4.547292 -1.995275 -1.089376 0
3.147435 3.022774 -0.552893 1
1.981942 4.022494 4.290911 1
-2.733628 1.865152 3.202590 0
3.749930 0.527471 -0.529712 1
1.942361 2.473384 1.177226 1
-3.608396 4.837882 1.303428 0
2.687636 -4.331495 0.094829 1
0.799205 -0.361835 4.883847 0
3.320807 -1.761692 -4.088654 1
-2.232085 -4.779750 4.933840 0
-2.941175 -2.513378 1.798992 0
-4.738584 -3.763448 -2.673537 0
-0.268297 3.178912 4.799847 0
-4.091070 4.570517 4.637729 0
-3.116750 3.841668 0.990037 0
-2.700155 1.660814 3.262642 0
-2.910840 4.952570 1.502879 0
-1.829930 -0.391762 3.075537 0
2.489288 -4.824749 -2.583890 1
-2.971244 0.676105 3.815509 0
4.054847 2.975950 0.476323 1
2.317488 -2.397743 1.868840 1
-1.240957 2.028412 4.170287 0
4.771114 -3.907704 3.684091 1
-3.861989 0.839547 -0.013685 0
0.547372 -3.061330 -1.828211 1
3.798400 -0.972171 -1.875641 1
-1.623184 -0.312813 2.907849 0
-4.915242 -1.911721 -0.837840 0
4.794291 -1.696182 -4.938914 1
-1.176963 -4.219688 0.974003 0
1.874742 -3.733569 -3.450985 1
-3.963098 3.220029 3.396337 0
-2.772525 -0.656087 0.014772 0
-2.306153 -3.087739 3.177254 0
1.782762 3.002700 0.580751 1
3.069578 -3.174263 1.361063 1
1.733527 3.871461 -0.884025 1
1.743279 1.783104 -1.397566 1
0.139615 4.010579 2.946347 1
-4.845613 -1.479077 2.098236 0
-2.074395 1.153683 1.044417 0
4.000642 3.847529 2.956677 1
2.177896 0.630292 0.959377 1
-2.241354 -1.300131 2.785114 0
4.119709 2.743450 -3.658263 1
1.169985 4.671240 0.959400 1
-1.898828 -3.291479 0.274007 0
-4.840120 -1.428690 4.605380 0
2.944994 -2.308981 2.348829 1
4.286731 -0.254970 -3.174194 1
4.499929 -4.084986 -3.502954 1
3.201834 2.622230 4.465698 1
4.954918 -4.276598 -3.825781 1
1.656614 2.166635 4.443114 1
-2.557278 4.472011 1.518108 0
4.791552 3.758742 -3.736863 1
-4.508334 -3.125248 -2.008812 0
1.917345 -4.307877 -2.552230 1
2.173123 -1.470534 -1.025213 1
2.518319 0.763740 -2.794461 1
3.781456 2.381098 -4.535790 1
-4.040392 -4.504498 -0.817791 0
2.872951 -2.986864 2.976795 1
-4.135862 -1.320979 0.080472 0
-0.221864 -3.846748 3.840762 0
3.306539 0.243721 -1.937648 1
-2.718674 1.243933 4.034540 0
2.933663 -2.456292 -2.820622 1
3.397873 -1.496684 -2.325120 1
3.682125 1.981432 1.209486 1
1.658920 2.845570 4.888506 1
-4.419845 3.482475 4.112356 0
-4.886960 1.789014 -0.643923 0
-2.790068 -0.201536 -0.637738 0
2.008212 -2.267873 1.905970 1
4.187590 -3.870000 -4.590714 1
-3.137530 -1.289918 4.517767 0
-2.843188 -4.209480 1.968475 0
-1.801430 -3.629325 0.450950 0
2.267013 1.869039 1.108769 1
-3.370726 -1.122749 3.840896 0
3.535244 -1.935159 4.970896 1
3.944531 -0.072689 -1.319022 1
3.462298 -4.013869 1.073185 1
4.306266 0.411248 0.914833 1
1.274741 3.609819 2.285508 1
-3.274308 -4.079255 3.769223 0
-4.774373 0.019280 2.239460 0
4.950686 2.387606 1.407338 1
3.275339 -0.305695 -3.650850 1
2.044562 3.659961 3.936899 1
-4.527108 -1.064078 -1.208340 0
-2.815660 0.742802 4.258787 0
2.504013 4.570988 4.072502 1
1.158343 -1.088843 -1.570709 1
2.507493 -4.044281 -2.910748 1
1.444392 -3.571390 1.025174 1
-4.488252 2.143750 1.892106 0
1.750406 -3.816785 -3.173801 1
-4.675732 1.982847 1.019161 0
-1.246441 -0.509659 1.974879 0
-1.786188 -3.317467 2.746111 0
-4.894082 2.489257 2.074201 0
1.822235 0.128081 2.031184 1
-1.705580 1.717362 2.855688 0
0.402424 2.041630 -0.161465 1
-3.578416 -4.204812 4.328876 0
2.402314 -3.280204 -1.883072 1
4.799519 0.081653 -3.646801 1
-1.033070 -0.100299 3.786387 0
-0.769460 -3.300345 2.292371 0
0.664934 4.101969 4.012167 1
3.781862 -0.749606 -4.162120 1
4.388047 1.473020 0.404419 1
1.920903 1.105045 1.112687 1
3.274102 -4.256901 -2.384075 1
-4.577510 -0.289971 2.515626 0
4.208877 3.940568 4.215280 1
-3.244287 0.324411 3.489711 0
1.722707 -4.660464 -2.148593 1
3.074511 -2.051131 4.156933 1
4.105545 4.869772 0.261977 1
0.218232 3.143874 1.005076 1
-2.117689 4.789905 2.648540 0
-0.509384 2.896913 0.748362 1
-2.019673 -0.380380 1.087899 0
-0.011334 -3.200325 3.906540 0
-4.749357 2.017907 2.050415 0
1.255719 -0.147937 0.616779 1
1.970824 -4.798155 -1.607979 1
1.626497 -0.233093 2.668511 1
-4.112328 2.649218 2.458416 0
3.536212 -1.900829 -1.400385 1
3.960164 2.589787 -3.503472 1
-4.203576 1.401848 3.810279 0
4.833193 -3.609486 -4.390046 1
3.739733 -3.358843 2.627861 1
-0.201052 -3.505803 2.448676 0
-2.532541 -2.618131 0.097895 0
4.925875 -4.081919 3.197066 1
4.948444 0.216387 -0.850671 1
-4.441602 -1.043880 0.790486 0
3.186259 4.746268 -1.312638 1
-4.333816 -3.846805 3.555063 0
4.878443 1.892984 2.814225 1
3.994225 2.979593 3.413807 1
3.934039 1.724250 -2.883804 1
-3.823536 -4.261613 4.221534 0
-3.774276 -3.464984 2.641136 0
2.006063 -3.478870 2.857579 1
-4.766483 -3.600427 -0.249437 0
3.047742 2.634983 -2.218288 1
4.658969 4.772761 4.299296 1
-2.971103 3.706801 1.023546 0
2.414483 -2.495334 -0.847634 1
1.636017 -1.269610 0.687383 1
-4.736235 -0.606695 -0.361947 0
3.121344 -0.373178 1.037626 1
4.304111 -1.196816 1.344639 1
3.108416 3.344103 3.125187 1
3.784095 4.337354 0.426574 1
-2.543295 -0.009027 4.346300 0
-2.166897 2.120116 3.532587 0
-3.385517 3.857881 3.285271 0
-3.275935 -0.990375 0.452438 0
-0.661687 -1.686264 4.255623 0
-4.317048 3.305229 2.335960 0
-4.281396 -4.599085 1.473838 0
-4.935096 -1.840562 2.879734 0
-2.010101 0.992541 -0.000150 0
4.807757 4.331088 2.867355 1
-0.484183 -0.647647 4.486320 0
-3.148222 3.767187 0.899965 0
2.531841 -3.692793 0.060079 1
4.677351 1.599237 -1.995712 1
2.634053 2.382745 1.564642 1
0.513787 -4.627356 -2.442817 1
-0.628633 -3.297113 4.495295 0
-1.580188 -3.521101 2.517050 0
-2.093868 -1.669324 1.284237 0
3.806097 -4.137483 2.591444 1
-4.724333 4.334137 3.891268 0
1.840309 -0.152076 4.263913 1
4.397492 0.361560 -3.840957 1
4.561698 4.732927 -2.138071 1
4.056992 -3.028352 4.825011 1
4.738738 3.297593 -0.365414 1
1.022975 2.103689 0.497103 1
-1.385581 -4.030135 1.036971 0
2.805100 2.840329 2.737055 1
4.313623 3.115996 2.071191 1
3.204891 -0.043695 -3.080885 1
2.468804 -0.646203 2.280675 1
3.627847 -1.084505 2.013602 1
-3.510224 -2.027513 3.985250 0
-3.685213 0.194175 -0.623289 0
3.787358 -2.624593 3.588186 1
0.514719 2.362726 1.014284 1
-2.204606 0.990572 4.929779 0
4.808996 2.480349 -2.097734 1
3.794246 3.795136 3.096441 1
-3.336523 -4.675123 -2.486093 0
-1.676036 0.839596 4.876632 0
4.338249 3.634990 0.867205 1
4.268028 3.443985 -1.652446 1
-4.733266 -4.590813 -1.443477 0
2.281330 -3.122302 -1.358857 1
4.387819 -0.128422 -4.099845 1
-3.098274 3.195542 1.739751 0
-3.221642 2.533791 0.374741 0
2.645563 1.801819 -1.181274 1
3.915969 4.816266 4.598288 1
-2.442889 0.653144 2.847095 0
1.978393 -3.191203 0.926774 1
2.878548 -1.289477 -0.877684 1
4.993040 -1.865556 3.457926 1
-1.188233 -0.872440 2.430038 0
-0.944541 -2.128336 4.020086 0
-3.499157 -3.168109 2.094208 0
-2.443961 3.810284 3.903005 0
3.482813 1.688832 -2.386472 1
-2.394871 -3.692869 3.102409 0
-2.280838 0.111939 0.364413 0
1.818085 1.315531 1.583474 1
4.715221 0.525581 1.715803 1
1.809429 3.081620 0.526087 1
3.325962 4.169561 -1.477950 1
2.665223 1.149958 4.934161 1
-1.970364 1.299158 4.914823 0
-2.759111 4.139149 1.601345 0
1.579939 -1.103639 1.151665 1
3.821829 1.418225 -4.202283 1
-3.963252 -0.255813 4.967277 0
4.381020 3.837782 4.548032 1
4.315181 -3.132582 0.847190 1
4.230004 2.524832 3.964434 1
0.460359 4.765721 3.103583 1
-2.312212 3.041687 1.181084 0
3.839453 -3.662571 1.886875 1
-1.129546 -3.803993 3.049288 0
-1.162268 0.754805 4.221846 0
2.235806 0.135826 3.059628 1
-2.368972 -1.318989 2.451878 0
-3.404538 4.141370 2.217599 0
4.699045 -3.796926 3.679346 1
-3.016233 -1.109137 1.721033 0
3.164852 -2.269684 3.058462 1
0.051727 0.803053 3.217720 0
3.356827 4.673507 4.413727 1
-1.385366 -4.838090 3.436375 0
-3.933488 -3.242628 2.577745 0
3.284111 -3.543583 3.780820 1
1.963457 -1.559815 -2.328318 1
-1.315511 -3.394964 0.401998 0
4.960671 0.013590 -4.121442 1
4.374398 -3.580295 -0.610203 1
4.602652 -0.650111 -2.170366 1
3.039027 0.416401 -0.412994 1
-0.602408 -4.336031 4.483608 0
-2.528728 1.091409 2.745407 0
3.944679 4.969407 -3.773631 1
1.749245 -0.580653 1.311513 1
4.578879 -2.541625 -3.272086 1
-4.790691 -2.527261 1.092394 0
4.692917 4.542014 -4.559148 1
-4.218439 -2.986714 1.532261 0
3.526969 0.689610 -2.415659 1
-3.714034 -4.755508 3.010818 0
0.464669 4.189171 2.980225 1
1.691037 -1.729308 -2.203080 1
3.652661 -4.980063 2.216267 1
3.212908 -1.333073 4.764542 1
3.653760 -0.551512 -3.222171 1
2.770362 -0.738577 2.711930 1
0.781180 4.726092 1.901101 1
-1.225409 -4.966036 4.790546 0
-3.800978 3.846564 2.529257 0
-3.813907 0.713232 0.644672 0
-2.036079 -4.100747 3.620129 0
3.143290 -0.549206 -2.392356 1
3.753709 -1.806630 4.701142 1
1.282966 -0.385080 1.760614 1
2.479150 0.801013 -2.526154 1
2.233148 -2.616026 -0.294294 1
1.257921 2.600158 4.476229 1
-4.647515 -1.991927 3.021344 0
0.036733 -1.756791 2.823982 0
-3.202653 -4.277641 -1.375005 0
2.644290 0.590134 -3.413779 1
4.687003 -4.784363 3.925804 1
-4.113784 -1.293293 3.909936 0
3.399482 -1.124206 2.084786 1
4.432525 -4.290126 -3.949645 1
-1.942480 -0.018934 -0.103463 0
0.959474 3.492870 3.151093 1
1.179188 4.741532 0.916991 1
3.097197 3.125322 -0.542805 1
3.221740 1.524803 3.332989 1
0.306526 3.133347 2.245516 1
0.634522 2.565872 2.955390 1
1.684877 -4.376608 -2.063544 1
-3.418587 1.070840 0.561812 0
-2.931917 -1.895490 2.874171 0
-2.229609 4.063983 1.367041 0
-4.078516 1.333235 0.746128 0
-2.220717 -2.487577 0.487660 0
3.696274 -4.390380 -1.387019 1
-3.513542 -0.862114 3.271131 0
3.731974 4.772408 0.837003 1
1.687364 1.457285 1.460395 1
4.623819 3.038698 -2.468765 1
-1.940197 -2.122828 -0.300272 0
4.426844 -1.201345 -3.967037 1
-4.339369 0.274212 -0.844994 0
-0.588603 4.914138 2.124252 1
-2.317472 3.646112 1.896660 0
3.519531 0.333476 -1.646055 1
2.511161 -4.857073 -3.500576 1
2.846634 -2.370426 3.175251 1
3.879598 2.802546 -0.246811 1
4.566356 2.148186 3.369220 1
1.690608 4.830714 2.015332 1
1.941212 -1.669829 2.306104 1
3.333855 -4.158668 2.449031 1
4.833279 -1.011762 -4.348239 1
0.620796 4.285799 4.432034 1
-1.009984 0.976406 4.262748 0
-3.994651 4.563674 2.612993 0
3.109292 -0.327980 0.772733 1
3.761053 3.881894 2.607605 1
-2.957612 -3.732982 3.322074 0
-1.348045 1.187208 1.006848 0
-2.791889 -4.798374 2.350476 0
4.765339 2.071972 -4.095611 1
2.372943 4.114359 -2.828592 1
2.156544 -0.086047 1.147787 1
3.337514 4.871126 2.339629 1
3.804283 -0.739668 -2.478511 1
-3.745694 4.177234 3.250061 0
-1.233959 -3.614655 3.451688 0
-3.883483 0.377951 1.762607 0
1.214810 3.211250 0.189565 1
-2.060664 -1.294692 4.974643 0
-4.721034 -2.490409 -0.765024 0
4.759212 -2.222604 -2.290158 1
3.210900 -1.106087 3.087793 1
3.808085 -3.923673 0.747315 1
2.050105 2.022023 -1.968334 1
2.024748 2.300988 0.541257 1
-3.740276 -4.898558 -1.701694 0
2.441326 4.580705 3.980970 1
3.760201 -1.637704 2.090222 1
3.466080 -2.934094 3.464045 1
2.792438 4.116011 0.486067 1
4.663667 -4.192530 -0.500909 1
-3.026673 0.538954 0.868896 0
2.060384 -2.019720 0.449601 1
4.145471 -3.222884 3.485427 1
-3.009126 3.035633 4.667344 0
2.476941 3.859737 0.808103 1
2.651586 1.862092 4.555011 1
3.970082 4.963830 -3.955310 1
3.973894 -2.980921 3.314290 1
-3.623237 1.682252 3.370235 0
-3.955893 -0.840806 2.229972 0
-4.939203 2.575685 2.343834 0
-1.368136 3.747752 3.128402 0
1.167155 2.717834 3.092232 1
0.617541 4.857161 0.967238 1
0.952143 -3.766076 -2.350509 1
-0.677623 -2.721969 1.808685 0
-3.648747 -1.732110 -0.965168 0
-3.222187 -4.721245 2.192147 0
-3.110877 0.804891 1.223878 0
-1.835017 -3.577567 1.081038 0
4.132221 2.374575 2.314962 1
-3.218288 -3.303047 4.592992 0
3.590397 -1.750698 3.723233 1
4.822272 2.256721 2.914270 1
3.629833 3.607974 -3.817840 1
-2.335335 -0.834847 3.081915 0
-1.860185 -3.482331 2.232471 0
4.363692 -0.317348 3.654904 1
-2.240308 0.596586 2.726432 0
-3.924083 -0.990745 3.232454 0
3.990188 -2.360912 1.840428 1
3.254263 -4.248997 3.856314 1
4.403088 1.698671 3.484859 1
3.063139 4.202178 -0.314820 1
1.718043 -0.353092 3.500054 1
-4.526047 4.759285 3.283623 0
4.682140 4.825390 -0.068034 1
1.384462 2.655089 2.685394 1
4.557031 -1.733062 -3.627034 1
3.057085 1.014460 3.779566 1
-2.846276 1.488412 3.538852 0
-4.562653 2.938099 4.374054 0
-2.269775 2.620239 4.199445 0
2.662191 -0.857192 4.197183 1
2.897911 -3.329044 2.449184 1
3.884633 3.055418 0.104273 1
1.570027 -2.075260 -1.409970 1
-2.807071 0.410706 4.420323 0
-4.027505 2.564430 0.908736 0
4.511347 3.001777 -1.153165 1
3.885401 -4.267998 -3.532926 1
3.084846 3.394193 0.609881 1
2.282029 1.292103 2.280838 1
4.835487 -3.253237 3.260996 1
-1.574483 0.840669 1.057586 0
1.970307 3.853561 3.821913 1
1.390631 4.826056 1.386343 1
1.146201 3.222804 0.120121 1
2.613275 1.307651 -1.485686 1
-1.776843 -1.410320 4.806417 0
-4.496006 3.320894 -0.016847 0
0.840250 3.156381 1.729916 1
-4.841167 0.146342 4.231217 0
-1.429960 -2.883351 3.084778 0
-2.608047 3.507279 2.910834 0
3.778296 -4.193354 2.248237 1
-1.833584 1.952847 0.471042 0
3.286537 -0.433878 -3.221308 1
-3.199149 2.789279 0.368372 0
0.890923 3.393602 3.573887 1
-1.793081 -0.644405 4.197815 0
3.365990 1.300307 1.957308 1
-4.015905 2.994964 2.605981 0
1.519008 2.905723 4.974274 1
4.946553 -1.203354 3.367876 1
4.210976 -2.874295 -0.312887 1
3.408791 -1.756542 2.821005 1
3.413253 -3.390552 -0.878688 1
1.893991 -3.937797 0.095851 1
1.206700 -2.953702 -1.909185 1
-1.187319 1.719659 2.676200 0
0.526460 -1.814780 4.378570 0
-1.105665 -3.294340 3.297356 0
3.912967 4.325428 -1.333481 1
1.733972 2.738681 0.275967 1
4.563439 -4.996767 -3.215351 1
2.750106 -4.977386 -4.449393 1
-3.991770 -3.898741 1.974494 0
-4.613200 -0.004405 3.680154 0
3.684156 4.221448 4.596791 1
4.107217 3.134415 3.922219 1
-2.226263 -0.131613 1.660899 0
3.049704 0.723671 4.770141 1
3.772151 0.287110 4.773374 1
-4.443200 4.946401 0.983306 0
3.727627 -0.868957 -2.318022 1
-0.617724 -1.798002 1.899021 0
-2.098715 0.082953 4.901824 0
4.562184 -1.867343 0.625494 1
4.332325 -3.095192 -4.087396 1
4.105699 -2.538393 -4.140995 1
-2.324356 -4.484665 0.809368 0
4.934217 -0.421202 0.838425 1
-4.505029 1.374593 0.958842 0
-3.592425 0.480292 3.420450 0
-2.733420 -4.430703 0.269804 0
-4.177908 -3.335778 2.057512 0
-2.499582 -0.660134 2.572847 0
3.309786 4.697488 -1.209696 1
3.636996 -2.267316 -0.609964 1
-2.833795 -2.333099 3.968834 0
3.004630 2.634554 1.448918 1
3.926008 -2.495970 -1.508814 1
-2.019957 -2.000999 4.865779 0
3.938885 -0.593423 0.346072 1
2.359335 1.673157 0.915369 1
-2.370862 2.495250 2.579591 0
4.686650 4.995667 -3.080544 1
0.439836 4.108654 2.016529 1
-4.142412 1.039292 2.155113 0
4.560625 0.317555 -3.766151 1
-1.944416 2.633343 3.724765 0
1.591985 0.942641 -1.027333 1
-4.058386 -3.617522 -1.918679 0
-2.390774 1.648736 1.233897 0
4.764340 -4.002490 0.253232 1
4.918454 0.212063 -1.788548 1
-0.520854 -0.227312 3.529007 0
-1.833142 3.279305 4.001883 0
-4.802923 -0.128709 -0.055475 0
2.251064 -1.228952 -2.881850 1
2.445669 1.380274 3.766886 1
-1.320434 1.144613 4.764396 0
3.932798 1.063068 -0.023541 1
-2.855750 -4.457786 4.749146 0
-4.326743 1.255209 4.997827 0
2.148956 -4.302698 -1.697908 1
-4.740118 -0.938763 1.452689 0
-3.468591 0.482044 1.036641 0
-2.583555 1.607280 3.561529 0
-2.819159 0.540078 -0.375404 0
2.157300 2.684329 0.166810 1
-4.793634 1.764542 0.983481 0
3.240452 -2.771169 3.275698 1
-4.493955 -1.239760 -1.242258 0
1.542687 2.409799 1.685456 1
3.959602 4.826245 -1.707264 1
2.521130 -2.992914 3.832814 1
-2.854273 4.164386 1.517143 0
2.312537 1.070833 -0.125271 1
3.734556 -2.024893 -4.618729 1
-4.146123 -1.818527 2.145813 0
1.837357 -0.030764 -0.829763 1
1.882075 -1.790311 1.399068 1
3.915515 -4.741579 2.569108 1
0.600970 4.218022 2.395353 1
3.893706 1.739152 4.402439 1
2.726520 3.884879 3.566825 1
4.118392 -0.068028 2.612764 1
4.499663 0.785848 -4.205763 1
-4.184287 4.505280 3.973162 0
2.214781 -0.336947 -2.311104 1
2.374089 -1.421433 -2.052683 1
-2.661451 3.073243 3.904491 0
-3.259012 0.799763 2.789370 0
-4.692187 -4.956574 -1.013214 0
-1.647528 0.306957 2.327810 0
4.115946 1.122670 1.833091 1
3.089107 -1.662549 -3.503856 1
-4.221997 -4.288460 0.074711 0
-0.204850 4.734275 3.127255 1
-2.415481 -4.957912 3.170681 0
1.571305 -0.012441 2.332499 1
0.490062 2.545794 0.993980 1
2.522478 -4.985788 2.423608 1
-4.073577 -2.393358 2.127337 0
0.180671 3.497301 0.120624 1
2.508162 -1.707550 -0.145101 1
0.635417 0.876970 -0.103013 1
-1.193902 -2.551725 4.884545 0
-3.861403 2.938337 2.430339 0
2.132577 3.133004 3.328605 1
3.433515 0.655482 3.342817 1
1.618182 0.862762 0.327459 1
3.090782 1.789184 2.934101 1
-4.661257 4.478017 4.723852 0
-4.909372 3.919532 3.049097 0
4.975174 -4.941871 0.987434 1
2.405513 2.190707 -0.879562 1
-0.923064 -3.518655 4.786969 0
-4.476928 3.099527 0.649731 0
-4.783967 -3.252829 -1.113212 0
4.939885 1.940813 4.000222 1
-1.410197 2.006615 2.977884 0
4.577237 -0.587872 0.168591 1
3.910294 -4.403216 1.563993 1
-3.650791 -0.618585 2.972422 0
0.757980 -0.402552 4.719593 0
4.644768 -0.462667 1.660406 1
3.644990 -4.921961 -1.308153 1
4.711220 1.942755 0.256837 1
-4.495968 -4.583651 4.480019 0
-2.221811 -1.323088 -0.773727 0
-1.848127 -2.412794 -0.176943 0
4.715867 -1.063584 4.204473 1
2.688288 4.694396 -1.198079 1
2.407881 4.339164 3.339254 1
-0.931713 2.984154 3.417293 0
2.760134 -0.451101 -2.914864 1
3.458597 4.091528 0.330216 1
3.826024 4.306780 -2.310681 1
3.306043 -2.915031 1.366232 1
-2.467684 0.236842 3.953438 0
2.355374 -0.047291 -2.110146 1
1.559846 -2.359003 -2.415750 1
-4.638233 -4.951122 -3.076586 0
3.701020 -0.882835 4.907568 1
2.118313 -3.122700 -0.543534 1
4.203449 -4.664103 -1.452006 1
4.495954 -3.962848 -1.257510 1
2.705478 2.484688 1.573038 1
-4.710272 2.846455 1.621917 0
1.577175 -2.130763 -2.047722 1
-4.874831 2.402902 1.857362 0
-2.524089 -0.790463 4.588471 0
2.875923 4.567677 -0.804909 1
1.855256 -0.616699 0.119933 1
-1.017748 -0.408352 1.998550 0
2.337715 -1.710469 -1.466424 1
2.147356 0.890612 0.146014 1
2.361449 2.899968 3.419183 1
1.676473 0.542520 -0.108738 1
4.281093 -2.097145 2.269768 1
4.732168 1.885107 -3.138584 1
-4.071368 4.234149 0.278005 0
2.084295 3.711794 4.390373 1
4.245326 2.725056 4.178336 1
4.680514 -3.149169 4.728932 1
-3.456182 -2.220537 3.963081 0
1.821823 -0.355427 0.344586 1
2.990440 -3.344303 3.461918 1
4.183101 2.518326 3.940699 1
3.275731 -3.199862 -4.023979 1
-2.876416 3.884434 4.687815 0
-3.486043 -4.140009 2.680703 0
-1.192814 -4.894683 0.405758 0
-2.014478 -3.787941 4.861533 0
-2.537689 4.258215 4.136400 0
1.268815 1.431756 3.310423 1
1.185535 1.831071 3.994995 1
-1.445947 -2.847786 4.960304 0
3.959812 0.137735 -3.827637 1
3.821344 3.908033 -2.935063 1
-4.466292 -2.592737 -0.498671 0
-0.045967 3.945286 2.439955 1
-1.624983 -4.659663 3.978512 0
-2.629987 1.213687 2.323540 0
-2.775001 4.767740 4.475754 0
0.422603 3.082604 0.928786 1
4.923932 -1.891860 -4.201640 1
-2.868370 0.488564 1.574919 0
3.191891 -0.575835 2.255735 1
3.393868 -2.276751 4.858058 1
-4.186014 -0.145120 0.346621 0
2.388904 4.133952 -0.789798 1
2.433102 -2.027339 3.902389 1
-4.670216 -1.970460 -0.453715 0
-3.872851 0.891799 2.972012 0
3.382884 -4.987524 -2.679891 1
3.746759 -0.068487 -4.648317 1
1.380709 -1.674619 -1.925068 1
-3.414613 -3.471729 2.063764 0
-4.858226 -1.404684 0.457501 0
3.235906 1.676483 4.049208 1
3.528027 -1.193874 -1.006803 1
3.879710 -4.813166 2.318578 1
4.884454 3.010988 -2.013785 1
1.948217 -1.193423 3.818646 1
3.831478 0.187738 0.679494 1
2.446388 3.111703 2.905311 1
1.495596 -0.680379 -2.035321 1
4.550476 -3.272642 1.957639 1
1.869054 -1.318001 -1.616760 1
3.326998 -1.433547 -3.605772 1
-3.686786 -4.485330 0.200805 0
-2.783963 0.749666 0.434506 0
2.895531 -4.961355 0.310302 1
4.124359 2.485033 -1.577995 1
2.029670 -1.019371 2.741626 1
4.994349 4.537909 -4.410726 1
-1.277208 0.957439 0.998631 0
2.106032 -0.715563 4.565084 1
-1.298936 0.729510 1.997942 0
4.382338 0.841078 -2.213747 1
3.114646 -3.004894 -0.748085 1
3.762177 -2.522600 3.835648 1
-0.674108 3.083691 3.717736 0
-0.848803 0.114926 3.233871 0
1.937450 4.807566 -1.800693 1
2.208736 2.922212 0.194413 1
-3.539349 -1.221517 2.183868 0
3.128684 3.986207 3.415876 1
1.964331 -1.252985 2.999308 1
-4.915584 3.072908 1.082999 0
3.802152 -2.521445 2.867754 1
0.642191 3.033340 3.715268 1
-1.123938 -0.029211 3.522834 0
2.075369 -2.820475 1.445045 1
4.453651 3.890651 -4.552442 1
2.890310 -2.129766 -1.267757 1
4.358406 -3.238177 0.647726 1
1.596507 -2.286746 -2.201960 1
-1.958448 -0.016963 1.438216 0
-1.734919 -0.563312 0.328867 0
-1.853596 -1.363182 1.331867 0
2.580873 -1.665562 -1.729818 1
-3.686884 4.092501 4.389813 0
3.927501 3.450907 -3.848364 1
0.193742 -1.878912 4.502776 0
2.991782 1.162640 -0.514187 1
4.758864 -1.859639 3.751315 1
3.438932 -2.386050 2.832261 1
3.838880 -4.805178 -3.833301 1
-3.501125 -4.564561 3.710107 0
-2.349488 0.010666 0.234688 0
4.440033 -4.795592 3.355776 1
3.942809 3.196190 -0.481584 1
-2.648878 -2.614948 2.086499 0
-1.509430 -2.068950 0.987213 0
-3.677169 -3.230070 1.182036 0
-2.510470 -1.121008 2.689974 0
-2.251270 0.377868 3.125413 0
1.693525 2.468412 -1.659513 1
4.567718 4.839842 -0.837135 1
-1.486144 -2.809036 1.547917 0
4.960831 3.106802 0.741015 1
3.434820 1.546726 1.905887 1
4.971497 1.114444 1.745729 1
-4.317720 -4.771346 -2.769906 0
-3.277685 -0.797728 4.014065 0
-3.565585 -4.694030 2.717199 0
1.052297 1.097063 0.866159 1
4.078550 -3.808604 2.363584 1
4.573217 4.626215 -1.089691 1
-1.775168 -1.267925 4.653053 0
-2.838475 -0.585646 4.881707 0
-1.594316 -3.169931 3.247082 0
-4.473448 -1.735517 3.553052 0
3.243751 -0.681095 -2.308138 1
4.306011 -4.628798 3.788926 1
-2.464246 4.022969 4.606536 0
-4.910444 3.685734 0.317415 0
3.336638 4.212285 3.581898 1
1.889690 2.456036 -2.099197 1
4.581553 1.762047 -1.727995 1
3.370479 -3.065782 -2.278243 1
3.350800 -0.530027 -3.255274 1
2.957336 -4.083964 2.246799 1
2.161585 2.386853 0.973703 1
-4.902092 -1.489277 1.862133 0
2.448586 4.516300 -2.857818 1
-0.164755 -0.167816 2.496237 0
2.736049 -0.586263 -0.741716 1
-3.991946 -2.215785 1.192502 0
-2.278664 1.253937 3.965364 0
3.695039 1.351845 -2.523913 1
2.699354 -0.263637 -3.401758 1
3.527270 -4.010290 4.540735 1
3.567471 0.824956 -0.627081 1
3.755480 1.494743 3.052175 1
2.720844 0.189783 -0.595980 1
-4.803069 -4.253045 3.204451 0
-1.671705 0.541050 4.755480 0
2.701215 -3.395243 -1.683516 1
3.058743 3.441243 1.184412 1
-4.235370 0.618211 4.957820 0
-2.437132 -0.626309 1.452563 0
1.164329 3.268343 2.809189 1
-4.905147 -3.403361 -1.649762 0
4.850333 4.297853 -0.045005 1
-1.833182 0.785724 1.881744 0
-3.947639 -1.155533 0.322987 0
2.194593 2.171965 0.314889 1
-1.352844 2.787009 2.409424 0
0.289501 -2.193928 4.700890 0
2.678802 1.029587 -0.818327 1
3.514411 -2.806084 -2.549983 1
4.673838 -2.860897 -1.655491 1
-0.371166 0.305921 4.130233 0
1.833565 -1.404946 2.583797 1
2.774763 -4.210353 -0.244238 1
-4.500925 4.726304 0.348843 0
1.831654 -2.756883 0.861116 1
-4.121690 -3.083044 3.000218 0
-1.646949 3.056367 4.664420 0
1.327751 -0.110068 -1.740526 1
3.667309 0.754346 3.485923 1
-3.789920 1.253421 3.212227 0
1.558922 1.453385 0.617333 1
2.937352 -4.164978 -3.463150 1
2.370814 3.544987 0.696923 1
3.677171 1.120856 -4.700920 1
3.341591 -2.551393 0.189012 1
-3.398935 1.360155 2.853706 0
-0.863891 1.237544 4.861473 0
-2.651664 -2.203534 1.314857 0
2.965669 -4.266181 2.149880 1
4.502519 -2.756483 -0.183443 1
3.979409 -0.014637 1.129348 1
-3.478799 -2.995875 -0.301188 0
-0.436081 4.255376 1.086431 1
3.171971 -1.608516 -2.676025 1
3.033444 0.739821 0.120441 1
-3.501819 -1.791991 3.097777 0
1.314738 1.490495 2.712108 1
4.676281 0.469905 -2.302529 1
0.805629 1.692026 1.360005 1
3.055834 3.213228 3.364130 1
4.900044 2.659331 -0.383820 1
2.344460 -4.958923 -0.938510 1
-1.801280 -3.460742 2.269499 0
4.008604 2.530277 4.229899 1
-3.293925 -1.664094 0.921925 0
3.066080 -3.608261 -0.864847 1
3.399529 2.959998 3.545954 1
4.624224 2.860041 1.205285 1
3.657894 -4.372760 -1.521605 1
4.687387 -4.067658 3.862667 1
3.917286 -2.361583 -2.801427 1
3.974365 2.134706 2.736697 1
3.032958 0.534236 0.696695 1
1.578912 0.158460 -1.443264 1
-4.705155 2.185227 2.191053 0
-2.506582 -2.975561 2.895550 0
4.517122 0.610673 0.722951 1
2.783972 4.698520 -3.229755 1
4.480529 4.798307 -4.649200 1
-1.899176 -3.769515 3.618741 0
2.653460 -3.474670 0.803969 1
-0.155487 -0.981252 2.828407 0
-2.259937 -4.897522 3.827211 0
2.770319 -1.077095 2.858972 1
3.334810 -1.559973 -1.530354 1
4.179577 -1.771459 -0.058358 1
3.296660 -3.987487 -0.359838 1
-4.933095 -4.506958 -0.561531 0
-4.582295 -1.406134 0.668955 0
4.036446 -3.752674 2.194285 1
-3.503967 1.602221 0.238416 0
4.355005 -0.062969 3.678443 1
4.630808 1.471029 4.433382 1
-0.729030 1.537934 4.926424 0
3.709440 1.955639 -1.479709 1
-2.214288 -1.498679 4.691359 0
-0.898777 -0.002646 1.293579 0
4.339638 -0.647641 -3.769390 1
-1.789590 -3.133824 3.399771 0
-3.368721 -3.503016 -0.129200 0
-4.008915 -0.522606 3.364374 0
4.278993 -4.571533 0.188958 1
-4.861550 -1.785821 3.690280 0
4.829809 2.315402 -1.312367 1
1.123388 1.655040 3.039992 1
2.353997 -0.326879 0.217002 1
2.579399 2.883531 2.083178 1
0.979170 4.514810 3.580162 1
-4.150030 -4.420529 -0.651883 0
-2.741295 -3.429444 3.825511 0
-4.376921 1.081932 2.681299 0
-0.020463 0.360926 3.109767 0
3.858775 0.329184 3.639348 1
-2.453591 -3.547428 0.294388 0
-4.413599 3.806569 4.967509 0
-2.113420 -2.634861 2.365850 0
-3.533258 -1.784891 2.945320 0
-4.568564 -3.755074 1.458110 0
-4.605270 -2.349890 -1.760134 0
0.656627 4.039913 3.432404 1
-4.126483 -1.606765 -0.987348 0
3.818837 4.208094 4.486466 1
3.334713 -1.151537 0.583359 1
-1.067478 1.170132 1.659790 0
-3.650633 3.356950 3.008417 0
1.376527 -0.559202 -1.104963 1
3.422962 -4.902575 -2.065050 1
1.855366 -1.394908 -0.138557 1
2.652909 -0.521391 3.254678 1
-3.334439 -1.702554 2.462771 0
1.735386 0.564682 2.481367 1
4.308308 -0.058034 -3.808436 1
4.966835 -3.681507 0.632362 1
1.796821 1.596821 4.334880 1
-3.341736 -0.750270 -1.186511 0
4.912941 0.915291 2.110935 1
2.375712 2.067318 3.743095 1
3.686947 -1.197296 -0.692223 1
1.168314 2.197880 -0.236284 1
-4.748751 3.497772 1.569021 0
4.515059 -3.365215 -2.429066 1
3.393215 -4.997189 4.332775 1
0.504150 2.378524 1.400093 1
3.555023 -2.766215 2.400678 1
-1.681262 -2.514967 0.898449 0
4.887759 0.176167 -1.295471 1
4.384396 1.791711 -3.363484 1
3.717172 -2.704139 4.015039 1
0.117265 1.543106 0.080510 1
-2.279260 3.416867 4.799328 0
3.619189 3.304626 -0.024505 1
1.913389 -4.269248 1.427052 1
3.457224 1.697664 -0.174453 1
-3.272555 -0.200768 -1.086881 0
2.912112 3.900207 -3.020781 1
-3.053529 -2.298633 0.910813 0
-0.445247 4.614756 1.641565 1
2.424610 4.890354 -0.779479 1
-3.662271 -4.367162 -0.862981 0
-3.206046 1.455832 4.373578 0
2.348309 4.593121 2.330878 1
-3.680470 -2.470262 -1.092633 0
-3.514590 1.943073 0.123697 0
3.126975 2.924877 -1.804323 1
4.245034 -0.711479 3.337609 1
3.618612 -3.363170 2.930730 1
4.856856 1.551739 -4.097682 1
-1.702933 -3.261279 3.158589 0
2.851330 -0.907581 -1.952343 1
4.100269 4.200434 0.542224 1
-4.017954 3.445467 4.830745 0
4.319655 2.064079 -3.532425 1
2.250385 -1.986431 -0.576064 1
3.613170 0.534855 -1.897990 1
-3.096191 -1.291775 1.713756 0
-2.862479 2.005292 3.452476 0
-2.813072 -3.650635 0.749820 0
-4.223191 -3.568319 -1.604279 0
1.499066 0.712572 1.343795 1
2.474741 -0.674257 -3.121350 1
-4.423249 1.229552 0.586875 0
2.290506 3.367072 -2.407833 1
0.742983 3.663183 1.090202 1
2.400384 -4.149889 2.439568 1
-1.849795 1.084696 2.889202 0
3.100459 1.861506 4.320883 1
-3.044019 4.544191 3.073938 0
-3.226855 -1.482002 3.112253 0
4.238669 -3.614745 -2.291123 1
2.921038 -0.471378 -2.777829 1
-1.750192 0.779285 0.168373 0
-4.283154 -0.339204 3.224882 0
-2.384390 -4.914265 0.837628 0
1.957415 4.324404 2.222883 1
4.666292 -3.844760 -0.648880 1
-3.961648 4.076279 3.879742 0
-1.739477 -0.563115 1.558569 0
4.373197 -2.099709 3.844765 1
-3.445178 -1.382862 -1.494439 0
4.779704 3.120495 4.939501 1
2.360211 2.693520 4.349640 1
3.934214 3.398164 4.581159 1
2.813956 -3.341313 -0.981956 1
1.323698 4.335038 -0.137589 1
0.168463 -4.110140 3.479549 0
3.674023 -4.330436 1.600044 1
3.613525 -2.807853 2.336148 1
3.638761 4.552359 0.029668 1
2.988401 -0.864547 -2.610520 1
3.493282 -1.930333 -4.212356 1
3.074441 -4.116377 -2.553670 1
-2.907515 0.256148 0.672407 0
-1.202778 -3.033473 0.634248 0
0.759341 3.290224 -0.030715 1
-4.378248 -1.541313 0.859145 0
4.101301 -2.867290 1.528709 1
-1.962507 4.384995 3.273215 0
3.067161 2.373396 -2.591333 1
-4.543359 0.866678 0.478334 0
-3.755716 -1.058881 1.361957 0
4.363022 4.830826 -1.415368 1
4.966555 1.211919 0.333543 1
