1 1
0.045352 0.043978
-1.901049 -1.843468
3.224671 3.126999
2.157291 2.091948
-2.234423 -2.166744
4.323112 4.192168
3.721890 3.609157
0.194675 0.188778
-0.713654 -0.692038
4.206249 4.078846
4.464135 4.328920
4.409806 4.276236
-1.816443 -1.761424
-3.019214 -2.927764
4.980186 4.829341
-1.246893 -1.209126
2.035700 1.974040
2.541973 2.464978
0.239513 0.232258
-0.569008 -0.551774
-0.797996 -0.773825
1.758639 1.705372
-3.107776 -3.013644
3.599048 3.490036
-3.323459 -3.222794
-1.274994 -1.236375
4.941876 4.792191
4.932491 4.783090
-0.314910 -0.305372
2.782716 2.698430
4.781045 4.636231
4.730442 4.587161
-4.118333 -3.993592
3.005716 2.914675
1.887733 1.830555
-1.352756 -1.311782
2.328828 2.258289
0.609622 0.591157
3.841919 3.725551
-3.384826 -3.282303
-0.184128 -0.178551
3.306055 3.205917
-3.975021 -3.854620
2.999429 2.908579
-4.713159 -4.570402
-3.994834 -3.873834
-3.247464 -3.149101
2.322540 2.252193
3.547139 3.439699
1.992048 1.931711
-3.246468 -3.148135
-2.250857 -2.182681
-1.249312 -1.211472
-1.354244 -1.313225
-3.651810 -3.541199
0.427229 0.414288
2.370762 2.298953
-3.709933 -3.597562
0.359719 0.348824
-2.944148 -2.854972
4.072783 3.949422
0.140764 0.136501
-3.213706 -3.116366
4.954450 4.804384
-1.853520 -1.797378
3.674026 3.562743
-1.398305 -1.355952
-4.524692 -4.387643
-0.716351 -0.694654
-2.556386 -2.478955
-2.909518 -2.821391
4.099520 3.975349
-4.250331 -4.121592
-1.884539 -1.827458
2.098949 2.035374
-3.963491 -3.843440
-0.879373 -0.852737
3.851485 3.734827
3.359050 3.257307
-2.332234 -2.261593
0.843533 0.817983
-4.887418 -4.739382
0.416908 0.404281
4.594221 4.455066
-1.241663 -1.204054
1.765099 1.711635
0.021449 0.020800
-3.870901 -3.753655
3.055166 2.962627
-4.618831 -4.478931
-1.815049 -1.760073
2.127949 2.063495
0.521933 0.506124
-0.028755 -0.027884
2.082399 2.019325
3.668413 3.557300
-1.354729 -1.313695
-4.315906 -4.185181
4.143721 4.018211
2.928920 2.840205
-1.872292 -1.815582
-3.765797 -3.651734
2.028440 1.967000
-1.122623 -1.088620
-0.650336 -0.630638
-0.872611 -0.846180
-0.086114 -0.083506
3.470291 3.365179
-2.021126 -1.959908
-1.727064 -1.674753
-3.861943 -3.744968
3.822407 3.706630
-1.614482 -1.565581
1.554965 1.507867
3.416628 3.313141
2.143855 2.078919
-1.679936 -1.629052
-1.561923 -1.514614
3.272954 3.173819
-3.624770 -3.514979
-1.180754 -1.144990
-3.542095 -3.434808
3.503179 3.397071
4.341178 4.209688
1.429149 1.385862
0.585578 0.567842
3.009592 2.918433
-4.925580 -4.776388
1.269673 1.231215
2.153313 2.088091
3.003340 2.912371
4.397381 4.264188
3.387515 3.284910
0.031780 0.030817
-1.725242 -1.672986
-2.262820 -2.194281
4.159169 4.033191
3.188644 3.092063
-3.792529 -3.677657
-2.861957 -2.775270
-3.538420 -3.431244
-2.654472 -2.574070
-4.039550 -3.917195
-0.152903 -0.148271
3.900493 3.782350
4.377078 4.244500
-3.009048 -2.917906
-2.779443 -2.695256
-2.184845 -2.118668
-4.736094 -4.592642
-1.404213 -1.361680
1.634401 1.584896
-3.278189 -3.178895
-2.901034 -2.813164
0.975579 0.946030
3.150960 3.055520
2.684545 2.603232
-1.014829 -0.984091
3.225381 3.127687
-1.045783 -1.014107
-3.861517 -3.744554
1.228721 1.191504
-1.648402 -1.598473
4.525999 4.388910
-3.739499 -3.626233
1.626356 1.577095
-2.736821 -2.653925
-4.580330 -4.441596
-0.185000 -0.179396
-1.529351 -1.483028
-2.442287 -2.368312
1.276580 1.237913
0.816177 0.791456
-1.481837 -1.436953
-3.876323 -3.758912
-0.283330 -0.274748
-2.104758 -2.041007
-1.885371 -1.828264
1.937228 1.878551
0.710397 0.688879
-1.621465 -1.572352
-4.466985 -4.331684
-2.655202 -2.574778
0.100346 0.097307
-2.368018 -2.296293
3.320377 3.219806
-1.748693 -1.695727
-4.683474 -4.541615
-2.694452 -2.612839
-3.523313 -3.416595
-0.729256 -0.707168
-1.555969 -1.508840
2.705408 2.623463
2.622342 2.542914
-2.029970 -1.968484
3.965909 3.845785
-0.751302 -0.728545
0.233209 0.226145
4.385579 4.252743
4.063698 3.940612
3.703858 3.591671
-3.056708 -2.964123
0.340278 0.329972
-0.479965 -0.465427
0.461455 0.447478
1.463955 1.419613
4.236706 4.108379
3.356697 3.255025
4.578585 4.439903
1.173933 1.138376
-0.932906 -0.904649
-2.042880 -1.981003
1.706949 1.655247
1.411891 1.369126
3.057466 2.964858
4.338930 4.207508
-0.267732 -0.259622
-3.691227 -3.579423
4.655456 4.514447
2.037816 1.976092
-2.214540 -2.147463
-1.073800 -1.041275
-4.518153 -4.381302
-4.509132 -4.372554
-3.451458 -3.346916
-1.548123 -1.501231
4.456777 4.321785
0.797241 0.773093
3.685086 3.573468
3.842355 3.725973
-0.139061 -0.134849
2.388944 2.316585
-4.214353 -4.086704
-4.798782 -4.653431
-3.091021 -2.997396
1.247102 1.209328
1.665173 1.614736
-3.854315 -3.737571
-0.396201 -0.384201
1.243758 1.206085
2.319618 2.249359
3.670892 3.559704
4.200878 4.073637
-0.973433 -0.943949
0.082784 0.080276
2.258344 2.189941
-1.634503 -1.584995
4.815052 4.669208
3.567117 3.459072
-1.979047 -1.919103
1.852868 1.796746
-3.647423 -3.536945
1.947154 1.888176
2.334715 2.263998
-3.156554 -3.060945
3.495696 3.389814
-4.213408 -4.085787
-3.699778 -3.587714
-0.707063 -0.685647
4.471678 4.336235
-4.857422 -4.710295
4.153876 4.028059
1.860622 1.804266
-4.071776 -3.948445
4.355094 4.223182
3.769601 3.655423
2.175326 2.109438
1.020267 0.989364
4.915286 4.766406
-3.220875 -3.123317
-2.735975 -2.653105
2.234905 2.167211
-4.549983 -4.412167
-3.535097 -3.428022
-3.738529 -3.625292
0.532801 0.516663
3.723247 3.610473
-0.373032 -0.361733
0.347853 0.337317
2.290364 2.220991
2.647922 2.567719
-2.799279 -2.714492
3.642942 3.532600
-0.404924 -0.392659
4.535436 4.398061
-4.513613 -4.376899
-1.909228 -1.851399
-4.677972 -4.536280
-3.213390 -3.116059
2.383709 2.311508
4.793706 4.648509
-3.070813 -2.977800
1.537585 1.491013
1.654328 1.604220
-2.142588 -2.077691
0.892679 0.865641
0.423930 0.411089
-4.967262 -4.816808
-3.087054 -2.993550
0.339216 0.328942
-3.188137 -3.091571
-0.823029 -0.798100
-2.425879 -2.352401
-2.738119 -2.655184
0.641874 0.622432
-1.164408 -1.129139
2.794682 2.710033
-0.634879 -0.615649
3.462561 3.357683
-1.857466 -1.801205
-3.344515 -3.243213
1.110483 1.076847
0.343255 0.332858
-4.701573 -4.559167
-4.294442 -4.164366
-0.121310 -0.117635
-4.215186 -4.087512
-1.203670 -1.167211
0.200718 0.194639
-2.428576 -2.355017
-3.819961 -3.704257
-0.005576 -0.005407
-0.499389 -0.484263
2.717625 2.635310
-3.351247 -3.249741
2.358022 2.286600
-1.389696 -1.347604
2.072683 2.009903
2.390760 2.318346
0.523250 0.507401
-2.588101 -2.509710
4.202623 4.075329
4.700221 4.557855
-0.013980 -0.013557
-3.535496 -3.428409
0.342094 0.331733
3.821612 3.705858
4.259186 4.130178
4.707215 4.564637
2.284173 2.214987
-2.598280 -2.519580
-3.637300 -3.527129
-1.605345 -1.556720
2.744975 2.661832
-3.338874 -3.237742
-0.899786 -0.872532
-2.376335 -2.304358
-2.554060 -2.476699
2.896544 2.808810
2.824383 2.738835
0.017364 0.016838
4.076583 3.953107
-2.181192 -2.115126
4.517974 4.381129
1.794208 1.739863
-0.532439 -0.516312
1.875997 1.819174
-4.595488 -4.456295
-3.459757 -3.354964
-0.733243 -0.711034
0.927761 0.899660
-1.047858 -1.016119
-1.530620 -1.484259
0.627982 0.608961
3.938162 3.818878
-0.066116 -0.064113
-4.029923 -3.907860
2.759774 2.676182
-0.806930 -0.782489
-4.322709 -4.191777
0.043946 0.042615
1.594790 1.546485
-2.960009 -2.870353
3.438602 3.334449
-0.660235 -0.640237
-1.298883 -1.259541
-2.461185 -2.386637
1.963430 1.903959
1.147058 1.112314
-4.564641 -4.426381
-0.212187 -0.205760
-3.835579 -3.719402
4.511943 4.375280
2.606621 2.527669
-4.317604 -4.186828
1.306151 1.266588
-2.925818 -2.837198
2.558392 2.480900
1.710662 1.658848
-1.385575 -1.343607
-3.174851 -3.078687
-2.361576 -2.290046
2.566567 2.488828
0.294529 0.285608
3.266406 3.167469
1.504729 1.459152
-4.771586 -4.627059
4.236482 4.108163
-0.735498 -0.713220
-0.578517 -0.560994
4.913774 4.764940
4.308448 4.177949
-3.983727 -3.863063
-3.046235 -2.953967
2.747050 2.663844
0.356038 0.345254
0.654882 0.635047
-4.714135 -4.571348
-2.680532 -2.599341
-3.198060 -3.101193
-4.278775 -4.149175
2.107281 2.043454
-2.033639 -1.972042
-4.766833 -4.622449
-0.286098 -0.277432
-1.351243 -1.310315
1.539318 1.492693
1.788084 1.733924
-3.792851 -3.677969
-1.750020 -1.697013
-4.597491 -4.458237
-1.967702 -1.908102
0.888404 0.861495
2.969075 2.879145
3.326827 3.226060
-0.845190 -0.819590
-0.526196 -0.510258
3.555240 3.447555
-1.608708 -1.559981
3.738306 3.625076
-2.023276 -1.961993
-1.694934 -1.643596
3.046754 2.954471
-1.007003 -0.976501
0.258831 0.250991
0.793804 0.769761
4.349035 4.217307
-4.086287 -3.962516
1.079669 1.046967
-3.331496 -3.230588
-2.284347 -2.215156
1.800894 1.746346
3.775785 3.661419
0.682015 0.661357
2.034061 1.972451
-1.510313 -1.464567
4.330771 4.199596
-1.426621 -1.383410
-4.722229 -4.579197
-4.462080 -4.326927
1.823359 1.768131
-4.319720 -4.188880
-1.429783 -1.386476
-2.288237 -2.218928
3.649355 3.538819
-3.102956 -3.008970
1.866573 1.810036
-1.876841 -1.819993
-4.547715 -4.409969
-4.742135 -4.598499
-3.138535 -3.043471
-1.570992 -1.523408
-1.437068 -1.393541
4.908220 4.759554
2.422006 2.348645
3.821763 3.706005
0.702024 0.680760
1.771041 1.717398
4.735476 4.592042
-3.218307 -3.120827
3.439545 3.335364
-2.548870 -2.471667
3.582587 3.474074
2.215329 2.148229
3.133144 3.038244
0.616648 0.597971
-4.294983 -4.164892
2.463915 2.389285
4.190028 4.063115
-4.017212 -3.895534
3.001835 2.910912
1.013387 0.982692
-3.336933 -3.235860
-3.427948 -3.324118
3.725150 3.612319
-4.687578 -4.545595
-1.530903 -1.484534
0.591723 0.573801
-1.564419 -1.517034
-1.078619 -1.045948
0.849589 0.823856
0.297046 0.288049
2.350390 2.279198
4.412520 4.278869
0.205266 0.199049
-0.227605 -0.220711
3.234283 3.136319
-4.092710 -3.968745
-3.456564 -3.351867
2.969759 2.879808
-2.311017 -2.241018
4.982981 4.832050
-4.579111 -4.440414
-3.728430 -3.615499
2.198310 2.131725
3.554033 3.446384
1.888219 1.831026
2.903327 2.815387
1.017948 0.987115
1.078246 1.045587
3.886114 3.768407
-0.980217 -0.950527
-2.908367 -2.820275
-4.450819 -4.316007
0.591836 0.573909
-4.183216 -4.056510
-4.138397 -4.013048
4.060932 3.937930
1.408507 1.365845
-0.702815 -0.681528
-2.017686 -1.956572
-2.741904 -2.658854
4.594231 4.455076
-4.667297 -4.525928
-3.329384 -3.228539
-0.200503 -0.194430
0.105098 0.101915
4.904900 4.756334
0.706787 0.685379
1.648534 1.598602
2.874659 2.787588
3.395770 3.292915
1.631515 1.582098
3.295548 3.195728
4.667340 4.525970
-1.170175 -1.134731
1.849580 1.793558
1.555559 1.508442
-3.266848 -3.167898
-2.132472 -2.067881
-2.366195 -2.294525
-4.380734 -4.248046
1.887312 1.830147
-0.274561 -0.266245
-3.831553 -3.715499
-2.520853 -2.444498
0.542223 0.525799
-2.969950 -2.879992
-3.459920 -3.355122
-3.049270 -2.956910
1.327235 1.287034
-0.477607 -0.463141
-0.791174 -0.767210
0.921466 0.893556
-0.144904 -0.140515
0.879442 0.852805
-4.279037 -4.149428
4.960194 4.809954
0.784342 0.760585
1.427750 1.384505
1.608729 1.560002
-1.340999 -1.300382
-0.176480 -0.171135
-1.759756 -1.706455
-3.045452 -2.953208
-0.509140 -0.493719
2.070069 2.007368
3.804129 3.688905
-3.953581 -3.833830
3.803220 3.688024
-3.328343 -3.227530
-1.319776 -1.279801
4.422486 4.288532
3.558969 3.451170
3.405663 3.302508
-4.409067 -4.275520
-3.961884 -3.841882
-1.052114 -1.020247
-2.379017 -2.306958
-2.421804 -2.348450
0.898615 0.871397
3.948218 3.828630
2.100589 2.036964
-4.892559 -4.744367
-0.130316 -0.126369
-3.044315 -2.952105
0.986884 0.956992
0.590647 0.572757
-3.084121 -2.990705
-3.228774 -3.130977
-2.981603 -2.891293
3.524608 3.417851
0.430226 0.417195
1.841917 1.786127
-3.235148 -3.137158
2.384774 2.312542
-3.667223 -3.556146
3.834920 3.718764
1.188903 1.152892
-2.620804 -2.541422
2.638141 2.558234
2.860560 2.773916
1.059420 1.027331
2.060627 1.998212
1.419529 1.376532
-0.534917 -0.518715
2.651559 2.571246
2.457645 2.383205
3.412969 3.309593
-4.727458 -4.584267
-4.964160 -4.813800
-0.688416 -0.667564
4.220761 4.092917
2.136429 2.071718
-0.580975 -0.563377
-0.909555 -0.882005
4.092114 3.968167
-4.594091 -4.454940
4.681092 4.539306
-3.992007 -3.871092
-2.822865 -2.737363
-3.300511 -3.200541
4.532601 4.395312
2.607361 2.528386
3.541406 3.434140
-3.702547 -3.590400
-0.007865 -0.007626
4.874183 4.726548
-4.867627 -4.720190
-3.818962 -3.703288
-2.746621 -2.663428
2.770514 2.686597
4.041598 3.919182
3.312799 3.212457
-0.168860 -0.163745
0.461127 0.447160
-2.222118 -2.154812
-2.517300 -2.441053
-2.081228 -2.018190
-3.809149 -3.693773
-2.244758 -2.176766
-2.045388 -1.983435
0.502435 0.487217
-3.023997 -2.932403
-4.908960 -4.760271
4.921461 4.772394
1.066448 1.034146
4.183154 4.056450
-4.672630 -4.531100
0.747540 0.724897
-4.808853 -4.663197
-2.495495 -2.419909
2.447029 2.372911
4.723748 4.580669
-4.888134 -4.740077
0.988435 0.958496
-3.978800 -3.858285
0.104001 0.100851
0.862619 0.836491
-3.846426 -3.729921
1.285039 1.246117
3.115998 3.021617
3.924087 3.805230
0.326638 0.316744
1.428797 1.385520
-1.244772 -1.207069
-4.212235 -4.084650
4.206679 4.079262
1.237927 1.200431
-1.293464 -1.254286
-4.602470 -4.463065
3.993169 3.872220
1.661148 1.610833
0.899965 0.872706
-4.030828 -3.908737
1.752188 1.699116
0.821426 0.796546
2.035620 1.973963
0.935342 0.907012
1.148796 1.114000
-2.216840 -2.149694
1.126489 1.092369
3.653301 3.542645
-4.769811 -4.625338
0.850237 0.824484
3.765166 3.651122
1.218624 1.181713
1.871437 1.814753
-1.130833 -1.096581
-2.918757 -2.830351
3.025011 2.933386
-4.845793 -4.699018
-4.802760 -4.657288
1.949098 1.890062
0.480845 0.466280
1.626037 1.576786
-4.295674 -4.165562
1.268609 1.230184
0.832716 0.807494
1.942253 1.883424
4.975146 4.824453
1.230246 1.192983
0.935423 0.907089
1.636294 1.586732
-2.869788 -2.782865
1.904595 1.846906
-1.611518 -1.562706
2.951638 2.862235
-1.059785 -1.027685
4.323825 4.192860
-0.899566 -0.872319
1.723374 1.671175
0.450314 0.436674
-2.246265 -2.178228
1.953563 1.894391
-3.699449 -3.587396
-3.481099 -3.375660
-1.827813 -1.772450
3.171988 3.075911
0.388068 0.376314
0.253430 0.245753
1.196999 1.160743
0.542275 0.525850
0.450670 0.437019
-1.853903 -1.797750
-3.976881 -3.856424
-2.923293 -2.834749
-1.149577 -1.114757
2.291729 2.222314
2.909423 2.821299
-4.207324 -4.079887
2.266875 2.198213
-0.860330 -0.834272
1.728099 1.675756
-1.096831 -1.063609
1.269882 1.231418
-1.367306 -1.325892
2.291651 2.222239
-0.778480 -0.754901
2.572908 2.494977
1.615476 1.566544
3.321954 3.221334
-0.703717 -0.682402
-2.934211 -2.845336
-3.924312 -3.805448
-3.750154 -3.636565
-1.633660 -1.584178
-2.405411 -2.332553
-0.577967 -0.560461
-3.461672 -3.356821
2.982657 2.892315
4.675462 4.533846
2.735327 2.652476
-1.475068 -1.430389
0.126132 0.122312
-4.118576 -3.993828
-0.451949 -0.438259
2.202839 2.136117
-0.268153 -0.260031
-3.160220 -3.064499
0.112262 0.108862
0.524523 0.508636
4.106655 3.982268
4.251932 4.123144
-2.747378 -2.664162
-1.990177 -1.929896
0.521813 0.506008
0.885315 0.858500
-4.698526 -4.556211
4.743333 4.599661
-1.541776 -1.495077
1.916950 1.858887
3.065287 2.972442
2.754506 2.671075
3.982739 3.862105
4.140975 4.015548
4.004352 3.883063
-2.650921 -2.570627
-3.264436 -3.165559
-1.573616 -1.525952
-1.112593 -1.078894
4.718221 4.575310
-1.898154 -1.840660
-3.377266 -3.274972
-1.756847 -1.703633
3.227979 3.130206
-2.495842 -2.420245
2.791205 2.706661
0.430818 0.417768
2.236005 2.168278
4.630985 4.490716
-4.456920 -4.321924
-2.239472 -2.171641
3.737639 3.624429
4.795012 4.649775
0.013150 0.012751
-3.252537 -3.154021
0.316825 0.307229
-4.101535 -3.977303
-2.951063 -2.861678
0.060158 0.058336
-0.643311 -0.623826
3.965887 3.845763
-1.874555 -1.817776
-2.888805 -2.801305
2.948626 2.859314
-2.733580 -2.650782
-3.884453 -3.766796
-4.702295 -4.559867
-0.998016 -0.967787
-0.458069 -0.444194
-0.814888 -0.790206
-1.279795 -1.241031
2.643778 2.563700
0.807845 0.783376
1.963359 1.903890
0.871756 0.845351
3.312003 3.211685
-0.245437 -0.238003
-3.697426 -3.585434
0.548008 0.531409
-0.614452 -0.595841
-3.154346 -3.058804
3.308535 3.208323
-1.876813 -1.819965
-3.359334 -3.257583
-1.678315 -1.627480
-0.129350 -0.125432
1.957491 1.898200
-0.779850 -0.756229
1.919587 1.861444
-2.982351 -2.892018
3.576839 3.468499
0.885474 0.858653
0.143094 0.138760
-4.311966 -4.181360
-1.165901 -1.130587
2.409514 2.336532
-3.196420 -3.099603
-0.868196 -0.841899
-3.588502 -3.479809
1.345512 1.304757
3.316916 3.216449
0.131703 0.127714
-1.010711 -0.980097
-0.875239 -0.848729
-2.904938 -2.816950
4.861045 4.713808
-2.563236 -2.485598
1.849625 1.793602
-3.836381 -3.720180
2.984772 2.894365
-3.764827 -3.650793
-1.990727 -1.930430
1.293307 1.254134
-0.641639 -0.622205
-0.350062 -0.339458
4.614992 4.475208
4.229011 4.100917
-3.392571 -3.289813
-1.164858 -1.129575
1.148598 1.113808
-1.374921 -1.333276
-2.588019 -2.509630
-2.965929 -2.876093
3.768173 3.654038
-1.899986 -1.842437
0.868171 0.841875
1.177687 1.142016
-0.096405 -0.093485
4.999975 4.848530
2.589185 2.510761
-3.750894 -3.637282
3.316890 3.216424
-2.279111 -2.210079
0.238396 0.231175
-2.558349 -2.480859
-0.184049 -0.178474
0.099441 0.096429
-0.121585 -0.117902
-3.334424 -3.233427
1.263061 1.224803
-2.136813 -2.072091
-2.099251 -2.035666
4.272333 4.142928
4.156494 4.030597
2.259110 2.190683
-1.077728 -1.045085
3.771486 3.657251
1.488120 1.443046
0.529701 0.513657
-2.393372 -2.320879
-2.363282 -2.291700
4.154780 4.028935
0.018609 0.018045
-0.329211 -0.319239
2.922953 2.834419
3.118623 3.024162
-4.461040 -4.325919
-0.899360 -0.872119
-1.977782 -1.917877
-4.461065 -4.325943
-3.310175 -3.209912
-0.728676 -0.706605
3.855825 3.739035
-0.589286 -0.571437
4.509720 4.373124
-3.702524 -3.590378
4.226665 4.098643
-0.390839 -0.379001
1.175891 1.140274
-4.107759 -3.983338
-4.127778 -4.002751
4.039078 3.916738
-1.207010 -1.170451
-4.855445 -4.708377
3.195572 3.098781
-3.947900 -3.828322
-0.933173 -0.904908
1.967058 1.907477
2.540220 2.463279
4.596529 4.457303
4.573686 4.435152
-4.823062 -4.676975
3.751308 3.637684
-0.407706 -0.395357
-0.152273 -0.147660
1.674261 1.623549
-2.289083 -2.219748
0.386687 0.374975
-4.225099 -4.097124
0.733135 0.710929
0.925622 0.897586
-2.535274 -2.458482
-4.995541 -4.844230
-0.218553 -0.211933
1.875441 1.818635
4.514179 4.377448
1.078923 1.046244
1.102105 1.068724
-0.876660 -0.850106
-2.745186 -2.662036
1.994346 1.933939
-0.004438 -0.004303
-3.706108 -3.593853
-4.212664 -4.085065
0.140118 0.135874
4.489464 4.353482
-3.160564 -3.064833
4.206945 4.079520
1.456522 1.412405
4.379656 4.247000
3.803473 3.688269
1.030207 0.999003
4.556594 4.418579
2.554782 2.477400
-4.377499 -4.244908
-0.595678 -0.577636
-0.770957 -0.747605
-1.666581 -1.616102
4.791009 4.645893
0.003944 0.003824
4.066553 3.943381
0.716631 0.694925
2.468670 2.393896
4.071013 3.947705
-4.501922 -4.365562
-0.655889 -0.636023
3.585192 3.476599
1.577002 1.529235
-4.553784 -4.415853
-2.291468 -2.222061
3.831816 3.715753
2.440563 2.366640
2.704095 2.622190
-4.874292 -4.726653
3.227899 3.130129
-2.155788 -2.090491
4.615172 4.475383
-4.932665 -4.783258
-2.948843 -2.859525
1.071694 1.039233
4.446991 4.312296
-4.145370 -4.019810
-2.898098 -2.810317
4.003586 3.882320
3.409412 3.306144
-2.275597 -2.206671
-1.592093 -1.543870
-2.361545 -2.290016
1.057822 1.025781
-1.801084 -1.746531
2.642399 2.562363
0.124375 0.120608
3.915547 3.796949
0.111069 0.107705
-0.804612 -0.780241
4.413625 4.279940
4.455180 4.320236
-2.219421 -2.152196
0.990627 0.960622
4.901396 4.752937
0.489112 0.474297
-0.177557 -0.172179
2.341959 2.271023
-1.806794 -1.752068
-0.051849 -0.050278
0.569858 0.552597
1.037418 1.005996
-0.436676 -0.423450
0.637193 0.617893
3.088575 2.995025
-4.364982 -4.232770
0.084184 0.081635
3.943206 3.823769
-2.263081 -2.194534
-0.912230 -0.884599
2.352618 2.281359
0.461322 0.447349
2.495677 2.420085
4.991073 4.839897
-3.480856 -3.375424
-4.305407 -4.175000
2.633472 2.553706
1.643519 1.593738
4.610140 4.470503
-2.255459 -2.187143
-4.161093 -4.035057
4.023766 3.901889
-2.800279 -2.715461
-1.380514 -1.338699
0.014393 0.013957
-2.898883 -2.811078
4.108598 3.984152
4.836836 4.690332
4.443076 4.308498
-2.698196 -2.616470
-0.215013 -0.208500
0.012933 0.012542
3.339222 3.238080
4.348311 4.216604
-4.349874 -4.218119
1.427797 1.384550
4.983329 4.832388
0.734311 0.712069
0.371003 0.359765
-2.279752 -2.210700
4.822081 4.676024
-2.276379 -2.207430
3.181571 3.085204
2.317758 2.247555
-2.285307 -2.216087
4.700715 4.558334
3.012351 2.921109
-4.651835 -4.510935
1.344234 1.303518
2.622491 2.543058
-1.907294 -1.849524
2.183140 2.117015
1.646257 1.596393
0.292426 0.283569
-4.197374 -4.070239
-3.339350 -3.238204
2.393543 2.321045
4.911224 4.762467
-3.502514 -3.396426
1.836619 1.780989
-2.786972 -2.702557
1.282473 1.243628
-3.150448 -3.055023
-4.447750 -4.313032
0.630784 0.611678
-2.500321 -2.424589
1.980047 1.920073
0.614112 0.595511
3.233990 3.136035
-2.648951 -2.568716
3.334360 3.233365
3.056071 2.963505
0.074670 0.072408
1.515931 1.470015
0.373829 0.362506
2.789363 2.704876
1.216646 1.179795
-1.613820 -1.564939
3.137528 3.042495
-2.439120 -2.365241
-3.991329 -3.870435
-3.769766 -3.655583
4.744020 4.600328
2.654928 2.574512
1.522660 1.476540
-4.453354 -4.318465
4.315578 4.184863
-1.083796 -1.050969
-4.542129 -4.404552
-4.186936 -4.060117
-4.247178 -4.118534
-2.329102 -2.258555
2.095536 2.032064
-2.397625 -2.325003
-1.776852 -1.723033
-2.273680 -2.204812
0.102053 0.098962
-4.796806 -4.651514
3.340432 3.239253
-1.663957 -1.613557
-2.445756 -2.371676
1.674793 1.624064
-3.607886 -3.498607
2.628914 2.549286
-1.809276 -1.754475
1.765942 1.712453
0.418277 0.405608
4.407369 4.273874
-4.847878 -4.701040
-1.444195 -1.400452
-3.031751 -2.939922
-3.839207 -3.722921
-0.213961 -0.207480
-3.287731 -3.188148
3.815721 3.700146
-3.691301 -3.579494
-2.741085 -2.658059
3.131299 3.036454
0.224903 0.218091
-2.283214 -2.214057
3.944362 3.824891
0.977725 0.948111
0.387684 0.375942
1.039899 1.008401
3.580100 3.471662
3.610832 3.501463
3.766218 3.652143
-1.317847 -1.277930
3.814026 3.698503
2.106651 2.042842
2.018196 1.957067
-3.631730 -3.521728
-1.218557 -1.181648
3.410310 3.307014
3.997184 3.876112
1.972167 1.912431
0.176252 0.170913
-0.584539 -0.566834
1.379536 1.337751
0.328373 0.318427
2.971266 2.881269
3.347785 3.246383
1.489166 1.444060
-2.242695 -2.174766
-4.939946 -4.790319
0.304886 0.295652
-0.933996 -0.905706
-2.681031 -2.599824
-1.563815 -1.516448
4.290907 4.160939
0.035755 0.034672
-2.619453 -2.540112
0.268632 0.260495
-4.576560 -4.437940
3.420446 3.316843
-1.151268 -1.116397
4.034271 3.912077
2.186664 2.120432
2.530885 2.454226
2.848298 2.762025
-0.706685 -0.685280
-0.450919 -0.437261
4.216568 4.088852
3.074758 2.981626
-2.040609 -1.978801
3.213752 3.116410
0.046924 0.045503
3.135642 3.040666
-2.370787 -2.298978
-3.573540 -3.465300
-1.535984 -1.489461
-4.399522 -4.266264
4.774245 4.629637
4.953181 4.803154
-1.642217 -1.592476
4.834299 4.687872
0.258068 0.250251
2.423787 2.350372
-2.846731 -2.760506
3.694253 3.582357
1.714693 1.662757
2.189024 2.122720
-3.925200 -3.806309
-3.016675 -2.925302
2.612464 2.533334
4.495245 4.359088
0.832057 0.806855
1.646735 1.596857
1.681909 1.630966
-1.637058 -1.587473
-0.504967 -0.489672
-4.024776 -3.902869
2.912023 2.823820
-1.288399 -1.249375
4.049982 3.927311
-4.128587 -4.003535
-3.074647 -2.981519
-0.903094 -0.875740
4.007056 3.885685
-0.445435 -0.431943
0.523367 0.507514
-2.528929 -2.452330
0.155044 0.150347
0.297612 0.288598
-2.575747 -2.497730
3.512827 3.406426
0.131911 0.127916
2.682320 2.601075
0.936613 0.908244
2.285180 2.215964
1.376573 1.334878
-2.348693 -2.277553
-0.525796 -0.509870
2.451373 2.377122
-0.365368 -0.354301
-2.913332 -2.825090
1.946618 1.887656
-4.533311 -4.396001
3.733403 3.620321
-1.371473 -1.329932
-1.170369 -1.134920
-1.771565 -1.717905
-0.396248 -0.384246
-3.258346 -3.159654
1.940036 1.881274
-1.346267 -1.305489
-2.386933 -2.314635
3.865389 3.748309
2.750640 2.667325
-3.379878 -3.277504
-1.580046 -1.532188
-1.725994 -1.673715
-0.908806 -0.881279
3.574997 3.466714
3.571618 3.463437
1.515446 1.469544
2.087824 2.024586
-1.296470 -1.257201
-0.802234 -0.777935
-1.975562 -1.915724
-4.011290 -3.889791
-4.425661 -4.291611
0.675745 0.655277
0.462914 0.448893
3.025712 2.934065
-4.689623 -4.547578
2.549581 2.472357
-0.027670 -0.026832
-4.222934 -4.095025
1.282984 1.244123
3.600857 3.491790
-0.393303 -0.381390
4.511419 4.374772
-1.795391 -1.741011
1.348350 1.307510
1.451455 1.407492
1.858342 1.802054
3.961417 3.841429
0.316844 0.307247
-0.391018 -0.379175
-4.418460 -4.284629
3.736798 3.623613
2.882988 2.795665
-0.327267 -0.317354
2.311795 2.241773
1.454606 1.410548
-3.811821 -3.696364
-0.600381 -0.582196
-4.841864 -4.695208
0.385946 0.374256
2.424057 2.350634
-3.853154 -3.736445
0.960285 0.931199
-1.900198 -1.842643
1.609760 1.561002
-1.014003 -0.983290
-1.589822 -1.541667
-0.840659 -0.815196
3.958326 3.838432
-0.812756 -0.788138
-4.557675 -4.419626
2.559183 2.481668
3.793941 3.679026
4.953745 4.803700
-4.236208 -4.107897
0.142291 0.137981
1.405200 1.362637
2.622134 2.542711
-0.896292 -0.869144
-3.277956 -3.178670
-2.768885 -2.685017
-0.314752 -0.305219
-4.541158 -4.403611
-4.885897 -4.737907
4.357981 4.225981
2.770637 2.686717
1.568710 1.521195
-4.453840 -4.318937
-2.829744 -2.744033
1.726846 1.674541
0.932106 0.903873
4.594313 4.455155
2.873692 2.786650
-3.107609 -3.013483
-2.305885 -2.236042
-0.516548 -0.500902
0.878387 0.851782
1.104293 1.070845
3.642794 3.532456
-0.163287 -0.158341
-4.708463 -4.565847
4.085119 3.961384
-2.604103 -2.525227
4.085478 3.961732
4.038864 3.916530
-1.840312 -1.784570
-0.772231 -0.748840
0.444063 0.430613
-4.218178 -4.090413
3.331478 3.230570
2.166107 2.100497
-1.987063 -1.926876
-1.983275 -1.923203
2.624949 2.545441
-1.872959 -1.816229
-2.625294 -2.545776
0.395585 0.383603
4.695751 4.553520
-2.079134 -2.016158
2.565842 2.488124
1.422597 1.379507
3.852972 3.736269
2.160155 2.094726
-0.703711 -0.682396
-4.254637 -4.125768
4.854270 4.707238
3.779741 3.665256
1.623750 1.574568
0.958563 0.929529
2.422535 2.349158
-3.539537 -3.432327
1.250100 1.212235
1.507654 1.461988
-1.143640 -1.109000
0.335578 0.325414
0.546517 0.529964
2.016048 1.954984
4.563347 4.425127
-4.009419 -3.887977
2.797870 2.713125
2.894825 2.807143
3.156688 3.061074
-4.189192 -4.062305
-4.088450 -3.964614
0.781636 0.757961
-1.062151 -1.029980
-1.713743 -1.661836
-3.822778 -3.706990
-1.366401 -1.325014
1.207123 1.170560
3.743063 3.629689
-4.943804 -4.794060
0.060095 0.058275
0.903218 0.875860
-0.647515 -0.627902
0.805458 0.781061
0.757488 0.734544
-1.867774 -1.811200
-2.570792 -2.492925
-3.283950 -3.184482
-4.445239 -4.310596
-1.110329 -1.076698
2.966150 2.876308
2.062415 1.999946
2.746031 2.662856
-1.698272 -1.646832
-2.391068 -2.318645
-0.237921 -0.230715
-2.134924 -2.070259
-1.400488 -1.358068
-2.440051 -2.366144
-4.240100 -4.111670
-3.243800 -3.145548
-1.629243 -1.579894
-3.328549 -3.227730
2.537836 2.460967
2.308606 2.238680
-0.042293 -0.041012
3.715058 3.602532
-4.057795 -3.934888
-3.835170 -3.719006
2.458121 2.383667
-4.001599 -3.880394
1.224925 1.187823
-1.638661 -1.589027
0.350886 0.340258
-2.969617 -2.879670
4.118827 3.994071
3.483112 3.377612
-0.540409 -0.524041
-4.165123 -4.038965
4.037873 3.915569
3.349262 3.247815
3.801027 3.685897
1.100288 1.066961
1.095293 1.062117
-2.897244 -2.809489
3.709220 3.596871
-4.142628 -4.017152
-0.032169 -0.031194
-2.691268 -2.609751
-1.582679 -1.534741
0.727732 0.705689
-0.935068 -0.906745
1.788078 1.733919
2.399182 2.326513
-3.397231 -3.294332
-0.903316 -0.875955
-2.643110 -2.563053
-4.682174 -4.540354
0.038889 0.037711
-1.478280 -1.433504
2.775947 2.691866
1.037290 1.005871
4.746645 4.602873
-3.862713 -3.745715
-3.611824 -3.502425
-3.222972 -3.125351
-4.743887 -4.600198
4.871288 4.723741
1.236619 1.199163
-3.909010 -3.790609
3.909162 3.790756
-0.414119 -0.401576
4.892018 4.743843
0.009449 0.009163
-4.318827 -4.188013
-3.005226 -2.914201
-1.281331 -1.242520
-3.461455 -3.356610
1.962605 1.903159
1.027402 0.996283
-0.044134 -0.042797
-2.309663 -2.239706
-4.907666 -4.759017
-3.256056 -3.157433
-4.910481 -4.761747
-3.304897 -3.204795
0.840628 0.815166
-2.553592 -2.476245
-2.987071 -2.896595
-4.120483 -3.995677
0.968128 0.938804
4.788877 4.643825
1.916807 1.858748
0.714773 0.693123
-4.073837 -3.950444
3.304983 3.204877
2.491801 2.416327
-3.817724 -3.702088
3.176271 3.080064
-1.271580 -1.233065
-2.726733 -2.644143
2.085432 2.022266
3.314301 3.213914
-2.834715 -2.748854
-2.905118 -2.817125
3.995475 3.874455
-0.839942 -0.814501
0.813551 0.788909
-4.465980 -4.330710
-3.877337 -3.759896
-3.159047 -3.063362
0.489886 0.475047
-1.187000 -1.151047
-3.066713 -2.973825
2.233830 2.166169
-1.097481 -1.064240
-1.371611 -1.330066
-1.925542 -1.867219
1.348927 1.308069
0.641318 0.621893
-1.046026 -1.014342
-2.682945 -2.601681
0.430195 0.417165
-4.129219 -4.004148
3.031828 2.939997
1.356358 1.315275
4.175764 4.049283
0.523630 0.507769
2.538635 2.461741
2.352034 2.280793
4.252050 4.123259
4.811901 4.666153
-0.562533 -0.545495
2.566351 2.488618
-3.022814 -2.931255
1.532348 1.485935
1.561825 1.514519
1.137245 1.102798
-2.654100 -2.573710
2.095845 2.032364
2.259908 2.191457
-0.813148 -0.788518
-2.414269 -2.341143
-3.927093 -3.808144
1.120139 1.086211
4.819560 4.673580
-0.024574 -0.023830
4.748529 4.604700
-2.105982 -2.042194
-3.675647 -3.564315
0.389847 0.378039
1.847992 1.792018
-1.358592 -1.317441
-4.179958 -4.053350
2.718773 2.636424
-3.326764 -3.225999
2.176400 2.110479
1.894537 1.837153
2.196866 2.130325
-0.284965 -0.276334
-0.753429 -0.730608
1.448916 1.405029
-0.473064 -0.458735
3.684038 3.572451
-0.984733 -0.954907
1.504123 1.458564
0.216386 0.209832
-4.422908 -4.288942
-2.358633 -2.287192
2.562286 2.484676
2.672937 2.591976
4.901275 4.752820
-3.250862 -3.152396
-4.741332 -4.597721
-4.025817 -3.903879
2.869278 2.782370
-4.921772 -4.772696
0.949608 0.920846
2.617807 2.538515
-2.027754 -1.966335
2.273961 2.205085
-1.992346 -1.932000
4.820238 4.674237
-4.084631 -3.960910
-1.172304 -1.136796
2.539012 2.462107
-2.411394 -2.338355
-3.995903 -3.874871
-0.566451 -0.549294
4.785472 4.640524
0.719132 0.697350
3.680120 3.568652
1.234388 1.196999
-4.753932 -4.609939
2.364158 2.292549
-4.750346 -4.606462
1.750191 1.697179
-2.419456 -2.346173
-4.173254 -4.046850
4.391558 4.258541
-4.857170 -4.710050
3.499683 3.393680
4.292833 4.162807
-3.108031 -3.013892
3.758350 3.644513
-4.732984 -4.589626
4.761246 4.617032
3.836578 3.720372
1.216624 1.179774
2.379053 2.306993
-3.191176 -3.094518
-1.509414 -1.463695
-4.613293 -4.473560
-3.370937 -3.268835
-0.594045 -0.576052
-0.785597 -0.761802
4.168074 4.041827
1.994561 1.934147
0.218500 0.211882
-1.398377 -1.356021
1.780033 1.726117
-4.062369 -3.939323
-2.718257 -2.635924
-1.985580 -1.925438
-3.816301 -3.700708
4.645900 4.505180
-1.735926 -1.683346
2.933890 2.845025
-2.773556 -2.689547
-0.909180 -0.881641
2.325448 2.255012
-2.630726 -2.551043
-2.409497 -2.336515
1.618281 1.569265
-0.738757 -0.716381
-3.651146 -3.540556
1.885297 1.828193
-0.977511 -0.947903
-4.814568 -4.668739
-1.898079 -1.840587
-3.598458 -3.489463
-3.005744 -2.914702
1.592507 1.544271
-3.211751 -3.114470
-1.376681 -1.334983
-4.001538 -3.880335
1.002652 0.972283
-2.208607 -2.141710
2.993023 2.902367
-3.778848 -3.664390
1.393016 1.350823
-0.226944 -0.220070
-2.841217 -2.755159
3.674759 3.563453
2.787476 2.703046
-1.657517 -1.607313
3.320659 3.220079
-3.948449 -3.828854
-3.723627 -3.610842
-4.452897 -4.318022
0.142371 0.138059
3.601821 3.492725
-2.083623 -2.020511
2.732875 2.650098
0.220102 0.213436
2.177620 2.111662
4.081728 3.958096
-2.894601 -2.806925
-3.799890 -3.684795
4.267161 4.137912
0.207321 0.201041
-2.398348 -2.325704
-3.738583 -3.625345
-3.200172 -3.103241
-0.610099 -0.591620
-0.115264 -0.111773
-2.201710 -2.135022
-4.607447 -4.467891
2.676129 2.595071
-4.208687 -4.081209
-3.386295 -3.283727
-0.930855 -0.902661
0.564370 0.547275
-1.227512 -1.190332
-2.256097 -2.187762
-1.648154 -1.598233
2.114971 2.050910
-3.935438 -3.816237
-0.596603 -0.578532
3.391343 3.288622
-3.388335 -3.285705
4.545768 4.408081
1.993164 1.932793
-0.471958 -0.457662
2.278643 2.209625
-2.786734 -2.702326
-3.294337 -3.194554
1.360372 1.319167
-0.681334 -0.660697
-2.094228 -2.030795
0.627532 0.608525
4.525987 4.388898
0.507424 0.492055
1.888949 1.831734
-3.674185 -3.562897
4.897325 4.748989
-3.226316 -3.128593
-0.875895 -0.849365
-4.710122 -4.567456
4.449813 4.315032
-0.084582 -0.082020
-3.096417 -3.002629
-1.481042 -1.436183
-4.520212 -4.383299
0.676071 0.655593
1.262861 1.224610
-1.168366 -1.132977
-2.208958 -2.142051
2.327422 2.256927
3.235031 3.137044
-3.817615 -3.701983
3.939087 3.819776
2.780799 2.696571
3.175549 3.079364
-1.532870 -1.486441
0.059442 0.057642
-4.611185 -4.471516
0.172793 0.167559
-3.580186 -3.471745
-0.292519 -0.283659
3.078565 2.985318
2.047346 1.985333
-0.766532 -0.743314
-1.414011 -1.371182
-1.063706 -1.031487
0.559283 0.542342
-1.516686 -1.470747
0.709979 0.688474
4.683388 4.541532
-1.226808 -1.189649
0.159792 0.154952
-0.401194 -0.389042
0.676775 0.656276
3.678749 3.567323
0.078594 0.076213
-3.647155 -3.536685
-0.058390 -0.056621
3.910228 3.791790
-0.856113 -0.830182
-2.730967 -2.648249
2.145259 2.080281
0.326272 0.316389
-3.791880 -3.677027
-0.073942 -0.071703
-1.498179 -1.452801
-0.324750 -0.314914
4.985500 4.834493
-1.109364 -1.075762
4.848042 4.701199
-3.594686 -3.485806
3.598117 3.489133
2.926608 2.837963
3.452659 3.348081
-2.168415 -2.102735
-3.487403 -3.381773
-2.611046 -2.531960
3.390868 3.288161
-0.004089 -0.003966
3.098933 3.005069
3.074255 2.981139
3.769102 3.654939
-1.741275 -1.688534
-2.326939 -2.256457
-0.554123 -0.537339
-3.062526 -2.969765
2.751656 2.668310
0.798723 0.774530
1.879084 1.822168
1.661883 1.611546
4.942610 4.792902
4.148117 4.022474
-1.192858 -1.156727
0.268881 0.260737
-4.643763 -4.503108
3.733200 3.620124
3.770702 3.656491
0.031486 0.030533
3.718700 3.606064
-2.338662 -2.267826
-0.120471 -0.116822
-4.875986 -4.728297
-3.740544 -3.627246
-2.193864 -2.127413
3.576673 3.468338
-0.908959 -0.881428
-0.681267 -0.660632
-4.034373 -3.912175
-2.518092 -2.441821
4.314644 4.183957
4.064559 3.941447
-4.443836 -4.309236
3.083746 2.990342
-2.676716 -2.595641
-1.770775 -1.717140
-2.470377 -2.395551
-0.739242 -0.716851
-4.019119 -3.897384
3.328346 3.227533
-3.860158 -3.743237
2.642764 2.562717
3.270955 3.171881
-4.712041 -4.569318
-3.550094 -3.442564
-1.460163 -1.415936
-4.355805 -4.223871
-4.816894 -4.670994
-2.689461 -2.608000
0.675681 0.655216
3.901806 3.783624
-0.028123 -0.027271
-4.444790 -4.310161
4.025820 3.903881
1.231333 1.194037
-1.638653 -1.589020
2.602493 2.523665
-4.677627 -4.535945
2.680080 2.598902
3.568120 3.460044
-2.195718 -2.129212
1.994723 1.934305
2.632679 2.552937
-1.639555 -1.589894
0.078469 0.076092
4.955963 4.805851
1.589670 1.541521
2.608092 2.529095
-0.783279 -0.759554
2.570551 2.492691
0.936438 0.908074
0.356563 0.345763
0.213315 0.206854
-0.792607 -0.768599
0.644521 0.624999
1.663222 1.612844
2.747230 2.664019
1.288716 1.249682
1.846328 1.790404
-4.942231 -4.792535
-3.035602 -2.943656
0.748134 0.725474
0.029646 0.028748
-2.480392 -2.405263
-0.226046 -0.219199
-3.739021 -3.625769
0.880955 0.854271
-2.623553 -2.544088
-3.416648 -3.313160
-1.438966 -1.395380
-4.055434 -3.932598
-0.612366 -0.593818
-4.444242 -4.309630
3.577245 3.468894
2.748079 2.664842
0.634227 0.615017
3.533208 3.426190
-0.662250 -0.642191
-1.757681 -1.704442
-2.250071 -2.181918
-3.091699 -2.998054
4.178757 4.052186
3.106492 3.012399
2.121616 2.057354
-1.613850 -1.564968
-1.248987 -1.211156
-1.215163 -1.178356
-3.866620 -3.749503
-4.960270 -4.810028
-4.368835 -4.236506
-3.808851 -3.693484
-2.995872 -2.905130
1.379299 1.337522
1.220795 1.183818
-0.476264 -0.461839
-3.846746 -3.730232
2.481774 2.406603
-4.595309 -4.456121
-1.470300 -1.425765
4.065126 3.941996
-1.034275 -1.002948
-0.525733 -0.509809
-1.547240 -1.500376
-0.478517 -0.464024
-1.948488 -1.889470
-3.799161 -3.684088
-4.844291 -4.697561
-3.415280 -3.311834
0.538588 0.522275
-1.601972 -1.553449
-0.665351 -0.645198
2.446889 2.372775
-2.423215 -2.349817
-2.558859 -2.481353
-0.431495 -0.418425
0.962936 0.933769
1.192154 1.156045
3.353342 3.251772
2.096316 2.032820
1.231884 1.194571
3.984508 3.863820
3.287464 3.187890
3.236011 3.137995
0.363807 0.352788
-0.491741 -0.476847
-2.240253 -2.172397
1.517061 1.471110
-3.009967 -2.918798
-1.835562 -1.779965
-4.953239 -4.803209
-3.944842 -3.825356
2.130163 2.065642
-0.478972 -0.464464
-0.492082 -0.477177
-3.348355 -3.246936
2.572540 2.494620
0.708756 0.687289
-3.192645 -3.095943
4.157261 4.031341
-3.752655 -3.638990
0.205383 0.199162
-1.508090 -1.462411
3.694234 3.582338
2.782168 2.697899
0.933051 0.904790
-1.737261 -1.684641
-1.254896 -1.216886
-2.874795 -2.787719
-3.383919 -3.281423
-4.158581 -4.032621
3.357089 3.255406
-4.399411 -4.266157
4.128884 4.003823
1.593101 1.544847
0.964396 0.935185
-1.362857 -1.321577
4.352848 4.221004
-2.518543 -2.442259
0.627175 0.608179
-2.482714 -2.407515
-2.471782 -2.396914
1.682334 1.631377
4.647448 4.506681
2.049246 1.987176
-3.809749 -3.694355
-3.700907 -3.588809
-0.378214 -0.366758
1.899008 1.841488
-1.893552 -1.836198
-1.220954 -1.183972
3.146352 3.051052
3.311831 3.211518
2.270956 2.202171
1.840586 1.784836
1.093999 1.060863
-1.795992 -1.741593
-4.896675 -4.748359
4.839103 4.692531
0.329213 0.319241
-3.280594 -3.181228
-4.319477 -4.188644
-1.313698 -1.273907
-2.680005 -2.598830
4.809406 4.663733
-4.720597 -4.577614
3.284391 3.184909
-1.553451 -1.506398
4.632251 4.491944
-4.234153 -4.105904
4.073724 3.950335
-2.850464 -2.764125
-1.705935 -1.654264
0.756058 0.733158
-3.203015 -3.105999
-4.656689 -4.515642
1.946309 1.887357
-1.903922 -1.846254
-0.034904 -0.033846
-1.154683 -1.119709
1.202526 1.166103
3.744143 3.630736
-3.008331 -2.917211
-0.485643 -0.470933
1.015099 0.984353
3.832256 3.716180
-4.391643 -4.258624
4.219107 4.091313
3.935580 3.816375
-4.552540 -4.414648
-0.451680 -0.437999
-4.345014 -4.213407
-3.872017 -3.754737
3.234622 3.136648
-2.025019 -1.963683
-4.062611 -3.939558
3.514025 3.407588
-3.740629 -3.627328
-0.616062 -0.597402
3.146276 3.050978
-2.974781 -2.884678
-1.542338 -1.495622
-4.704188 -4.561702
0.319284 0.309613
4.213720 4.086090
-2.907203 -2.819146
0.662594 0.642525
1.160029 1.124893
0.188875 0.183154
-4.372310 -4.239876
-4.994654 -4.843370
-3.608599 -3.499297
4.371833 4.239414
-3.002984 -2.912026
0.905758 0.878324
0.386932 0.375212
-4.170729 -4.044401
1.514115 1.468254
-0.393961 -0.382028
4.764852 4.620528
1.961575 1.902160
4.154359 4.028526
-4.580162 -4.441433
3.089557 2.995977
2.388981 2.316620
-1.605182 -1.556562
4.026946 3.904973
0.903006 0.875654
-0.345810 -0.335336
-1.589116 -1.540983
-0.950718 -0.921922
1.679408 1.628541
1.868546 1.811950
-0.654906 -0.635069
-3.001308 -2.910401
1.082267 1.049486
1.437891 1.394339
2.661286 2.580678
-2.757704 -2.674175
-3.373233 -3.271061
3.288976 3.189356
-2.752358 -2.668991
-1.981832 -1.921804
2.660809 2.580216
-0.755342 -0.732463
3.923926 3.805074
-1.952258 -1.893126
0.073929 0.071690
0.438041 0.424773
2.653780 2.573400
-0.161219 -0.156336
-2.600384 -2.521620
1.808139 1.753372
0.258619 0.250785
-4.510827 -4.374197
-0.802881 -0.778562
3.653437 3.542777
4.516120 4.379330
-4.899875 -4.751462
-1.692373 -1.641113
-2.072996 -2.010207
-0.850593 -0.824829
4.987035 4.835982
4.795550 4.650297
3.494501 3.388656
-3.014273 -2.922973
0.877817 0.851228
-0.067607 -0.065560
4.647013 4.506259
3.120113 3.025607
1.559159 1.511933
2.935990 2.847061
-4.632245 -4.491938
4.577327 4.438684
0.596799 0.578723
-0.387587 -0.375847
3.501253 3.395203
3.644541 3.534151
4.686343 4.544397
-1.060705 -1.028578
1.298321 1.258996
-0.474877 -0.460493
1.338911 1.298356
-1.893540 -1.836186
4.783742 4.638846
1.828084 1.772713
2.303579 2.233806
3.437179 3.333070
1.344204 1.303489
2.403705 2.330898
-3.255194 -3.156597
4.271207 4.141836
-3.446888 -3.342485
-3.268159 -3.169169
4.066757 3.943579
-4.952387 -4.802383
-1.282431 -1.243588
-0.055426 -0.053747
-0.019995 -0.019389
-1.635418 -1.585883
-1.935313 -1.876694
-3.460836 -3.356010
-3.699428 -3.587376
-1.567558 -1.520078
-3.883509 -3.765880
1.897371 1.839901
3.044855 2.952629
4.617745 4.477877
0.541911 0.525497
2.731198 2.648472
-1.442961 -1.399255
-3.159767 -3.064061
-2.743679 -2.660575
4.895950 4.747656
-0.053307 -0.051693
-2.959937 -2.870283
1.724034 1.671814
-2.749728 -2.666441
-4.522758 -4.385767
-1.931762 -1.873251
4.653977 4.513012
-2.777952 -2.693810
-2.660555 -2.579969
-3.792912 -3.678028
-1.046111 -1.014425
-3.593798 -3.484945
-3.745299 -3.631857
2.671458 2.590542
1.350776 1.309862
1.234707 1.197308
-3.963960 -3.843895
4.415463 4.281722
2.773871 2.689853
-2.663389 -2.582717
-2.152095 -2.086910
3.890362 3.772527
4.233982 4.105738
-4.107240 -3.982835
3.508107 3.401849
-0.224106 -0.217318
3.623957 3.514191
-2.934853 -2.845959
1.616126 1.567175
-4.119722 -3.994939
-3.038903 -2.946858
-3.437181 -3.333072
-2.079658 -2.016667
3.685131 3.573511
-1.186909 -1.150959
-1.602416 -1.553880
-3.246632 -3.148294
-1.532933 -1.486502
0.619632 0.600864
-0.907187 -0.879709
-0.325844 -0.315975
4.573521 4.434993
0.499015 0.483900
0.928857 0.900722
2.244979 2.176980
-3.150209 -3.054792
-2.836437 -2.750523
3.281018 3.181639
-3.734746 -3.621624
4.937434 4.787883
-4.382370 -4.249632
-0.886842 -0.859980
3.827797 3.711856
4.851612 4.704660
0.005918 0.005739
2.335904 2.265151
-0.372495 -0.361212
-1.370125 -1.328625
4.401050 4.267746
-3.756369 -3.642591
-0.489846 -0.475009
-3.637853 -3.527666
-2.193550 -2.127109
2.430495 2.356878
-4.952723 -4.802709
1.619540 1.570486
-4.171921 -4.045557
-3.199355 -3.102449
-4.913392 -4.764570
1.447711 1.403861
0.893458 0.866396
-0.239237 -0.231991
1.021232 0.990299
-3.607527 -3.498258
-4.310380 -4.179822
-1.733790 -1.681275
-1.757736 -1.704496
-2.146817 -2.081792
-3.452771 -3.348190
-0.492482 -0.477566
-2.209383 -2.142462
-2.835142 -2.749267
3.620676 3.511008
-3.381586 -3.279161
-2.983530 -2.893161
-1.373406 -1.331807
3.954318 3.834545
1.643975 1.594181
2.256469 2.188122
3.355368 3.253737
2.887607 2.800143
-3.233377 -3.135441
4.717515 4.574625
-4.305943 -4.175520
4.197118 4.069991
4.764792 4.620471
2.313597 2.243520
-4.974803 -4.824120
-3.434562 -3.330532
2.400204 2.327504
1.472908 1.428295
2.458896 2.384418
-2.839032 -2.753040
-2.505860 -2.429960
3.851369 3.734715
-2.149413 -2.084309
0.760350 0.737320
-2.906367 -2.818335
0.703771 0.682454
2.307579 2.237684
1.601151 1.552653
3.494388 3.388546
4.472437 4.336971
0.221827 0.215108
-4.887198 -4.739169
-3.511093 -3.404745
3.848420 3.731855
4.067120 3.943930
3.132883 3.037990
1.104889 1.071423
2.422488 2.349113
1.020489 0.989580
2.871512 2.784536
2.140003 2.075184
1.714546 1.662614
2.068630 2.005973
1.904795 1.847101
-0.971857 -0.942420
2.093827 2.030407
3.470233 3.365123
-3.571653 -3.463470
-1.433265 -1.389853
0.929129 0.900987
-1.410685 -1.367957
1.060875 1.028742
-0.219501 -0.212853
1.439902 1.396289
-3.178776 -3.082493
1.874132 1.817366
-2.856327 -2.769811
4.128803 4.003745
-1.524717 -1.478535
-4.361939 -4.229820
3.601240 3.492162
3.697110 3.585127
-4.249137 -4.120434
-4.909852 -4.761137
2.545530 2.468428
4.817983 4.672050
3.223030 3.125407
-1.349581 -1.308703
2.240471 2.172609
-0.756480 -0.733567
-3.478069 -3.372721
-0.619526 -0.600761
-4.041935 -3.919508
3.590561 3.481806
-3.714731 -3.602215
-0.013792 -0.013374
0.684388 0.663658
4.755502 4.611462
1.414555 1.371710
4.251123 4.122360
0.684632 0.663895
-4.996130 -4.844801
0.311997 0.302547
-4.534870 -4.397512
1.443773 1.400042
2.133222 2.068608
2.339262 2.268408
3.587446 3.478785
1.262025 1.223799
-4.185455 -4.058681
4.225507 4.097519
-0.136735 -0.132593
4.511655 4.375000
4.976370 4.825639
-0.046587 -0.045176
2.057185 1.994874
4.794352 4.649135
-1.823557 -1.768323
-4.292396 -4.162383
2.034823 1.973190
2.419963 2.346664
-2.770465 -2.686550
-3.584703 -3.476126
3.378028 3.275710
-4.179904 -4.053299
-2.299434 -2.229786
-1.635764 -1.586218
1.504484 1.458914
-2.543932 -2.466878
4.778792 4.634046
0.755607 0.732720
3.140700 3.045570
4.782662 4.637799
-3.932396 -3.813287
3.605830 3.496612
1.226435 1.189287
3.200826 3.103876
0.945092 0.916466
-0.186120 -0.180482
-0.537149 -0.520879
1.759638 1.706340
-0.960613 -0.931517
4.326116 4.195082
1.271292 1.232786
-0.984244 -0.954432
-0.720471 -0.698648
-1.671523 -1.620894
-1.189892 -1.153851
2.455972 2.381583
-0.963919 -0.934723
-4.155069 -4.029215
-0.124065 -0.120307
1.265615 1.227281
-2.739772 -2.656787
-1.746037 -1.693151
2.085711 2.022536
-0.039206 -0.038019
1.618199 1.569185
-1.409806 -1.367104
2.416862 2.343657
1.396991 1.354677
4.345801 4.214170
0.557561 0.540673
1.179653 1.143922
-4.586595 -4.447671
-0.836609 -0.811268
-2.593913 -2.515345
3.614231 3.504759
-4.891516 -4.743356
2.219968 2.152727
-1.922918 -1.864675
1.868122 1.811538
-3.740646 -3.627345
-2.596802 -2.518147
-1.860586 -1.804230
0.275111 0.266778
1.682728 1.631759
1.467891 1.423430
4.085219 3.961481
-0.861300 -0.835212
-4.496029 -4.359848
4.930150 4.780820
4.014635 3.893035
1.769587 1.715987
-2.809622 -2.724520
-2.731402 -2.648670
-1.144703 -1.110031
2.151172 2.086015
3.886798 3.769070
2.445491 2.371420
-0.431966 -0.418882
0.283788 0.275193
1.791292 1.737035
-4.874405 -4.726763
-3.536559 -3.429439
2.204697 2.137918
-0.711013 -0.689477
-1.130471 -1.096230
0.818927 0.794123
-0.602530 -0.584279
-3.910504 -3.792058
3.896009 3.778002
-3.734408 -3.621296
-2.651150 -2.570848
-3.700793 -3.588699
-0.594994 -0.576972
2.623961 2.544483
2.981935 2.891615
-4.127103 -4.002097
1.709180 1.657410
-2.879365 -2.792152
-3.623132 -3.513390
1.639330 1.589676
-3.864730 -3.747671
3.146455 3.051151
3.829709 3.713710
-1.596132 -1.547786
-2.998248 -2.907433
0.980881 0.951171
-2.709334 -2.627271
4.447244 4.312540
-4.451085 -4.316266
2.574454 2.496476
1.238536 1.201021
-4.325490 -4.194475
4.037895 3.915591
-1.556768 -1.509614
-0.036503 -0.035398
-2.092576 -2.029193
4.262160 4.133063
4.360967 4.228877
-1.003080 -0.972697
3.158169 3.062511
-4.373441 -4.240973
1.345771 1.305009
4.457377 4.322366
0.031565 0.030609
-1.030268 -0.999062
2.439311 2.365427
0.904462 0.877066
-4.321088 -4.190206
4.559946 4.421829
2.281330 2.212230
2.318242 2.248025
-4.304784 -4.174395
0.427785 0.414828
1.147951 1.113180
-0.900916 -0.873628
2.429537 2.355948
-2.871168 -2.784203
1.389750 1.347656
1.876780 1.819934
-2.322254 -2.251914
-1.035796 -1.004422
-1.884684 -1.827598
-1.647744 -1.597835
-1.997900 -1.937385
1.558549 1.511341
3.315753 3.215322
0.909524 0.881975
0.820709 0.795850
2.676720 2.595644
4.906444 4.757832
-1.021122 -0.990193
3.303279 3.203226
1.252215 1.214287
-1.563746 -1.516381
-1.665156 -1.614720
-4.778053 -4.633330
-4.124434 -3.999509
4.239306 4.110901
-4.099141 -3.974981
-4.564488 -4.426234
1.520636 1.474577
3.219101 3.121597
-3.869272 -3.752075
-3.051579 -2.959149
-0.632948 -0.613777
0.229813 0.222852
4.377958 4.245353
1.495884 1.450575
-3.380437 -3.278047
1.254738 1.216733
4.173630 4.047214
0.583767 0.566085
4.370054 4.237689
-2.474113 -2.399175
3.585867 3.477254
0.928603 0.900476
-4.158360 -4.032407
-0.504609 -0.489325
-3.250689 -3.152228
3.518360 3.411791
-0.598165 -0.580047
0.728189 0.706133
1.821639 1.766463
-4.345950 -4.214314
4.164443 4.038306
-4.843517 -4.696811
-4.124003 -3.999090
-4.959991 -4.809757
4.395789 4.262644
-3.223144 -3.125517
-4.524480 -4.387437
0.916425 0.888667
4.995957 4.844634
-3.393751 -3.290957
2.864846 2.778072
-0.636991 -0.617697
1.836061 1.780448
2.242804 2.174871
-4.141107 -4.015676
3.455624 3.350956
-1.502458 -1.456950
-4.967477 -4.817016
-0.960609 -0.931513
-2.132404 -2.067815
-2.441590 -2.367637
-2.374742 -2.302813
3.796199 3.681215
-1.599951 -1.551490
2.120648 2.056416
-4.454490 -4.319567
-3.081591 -2.988252
-3.477516 -3.372185
1.273699 1.235120
3.740048 3.626765
-2.823466 -2.737946
0.438142 0.424871
3.896531 3.778508
-1.947469 -1.888482
0.478151 0.463668
3.292320 3.192598
-0.170612 -0.165445
0.953671 0.924785
-0.791255 -0.767289
-0.174655 -0.169365
2.559920 2.482382
-2.926409 -2.837771
4.188354 4.061492
-0.604019 -0.585724
4.316394 4.185654
-4.952753 -4.802738
-2.148395 -2.083322
-2.186064 -2.119850
-4.920230 -4.771200
1.890996 1.833719
0.681532 0.660889
-2.361820 -2.290282
4.516254 4.379460
-0.522269 -0.506450
1.038229 1.006782
1.636902 1.587322
0.023241 0.022537
2.956638 2.867084
3.159385 3.063690
-3.703060 -3.590897
1.696686 1.645295
-4.664081 -4.522810
1.735082 1.682528
0.593217 0.575249
-1.611550 -1.562737
-2.786767 -2.702358
-1.114464 -1.080707
3.217838 3.120372
3.166904 3.070981
3.094281 3.000558
-1.956817 -1.897547
0.726824 0.704809
-4.832128 -4.685767
-2.768463 -2.684608
-4.877195 -4.729468
4.484266 4.348441
-2.721215 -2.638792
-2.025590 -1.964236
-2.701798 -2.619963
-2.641445 -2.561438
4.865406 4.718037
2.979733 2.889480
-0.003265 -0.003166
4.381660 4.248943
-2.542536 -2.465525
-3.965036 -3.844938
1.018562 0.987710
2.480705 2.405566
3.991602 3.870700
-0.822053 -0.797153
3.777645 3.663223
0.688288 0.667441
-0.486134 -0.471409
0.512727 0.497197
-3.718495 -3.605865
2.902317 2.814408
2.725960 2.643393
0.167041 0.161982
1.120155 1.086226
0.892864 0.865820
-1.738677 -1.686014
4.163338 4.037234
-3.380312 -3.277925
-1.570805 -1.523227
-3.605125 -3.495928
-3.257506 -3.158839
-2.086540 -2.023340
-1.326340 -1.286166
-0.283096 -0.274521
0.211662 0.205251
1.032215 1.000950
-0.417690 -0.405038
-1.808605 -1.753823
-3.971050 -3.850770
-1.036030 -1.004649
0.648859 0.629206
-2.936086 -2.847154
4.982532 4.831615
-1.870436 -1.813782
-3.944484 -3.825008
-0.839521 -0.814093
-3.092791 -2.999113
1.743805 1.690986
3.674345 3.563053
2.419935 2.346638
3.025310 2.933675
1.576662 1.528907
0.145895 0.141476
-1.807649 -1.752897
-2.303183 -2.233421
-3.961241 -3.841258
1.453674 1.409643
-3.139845 -3.044741
-2.341553 -2.270629
4.882868 4.734970
-1.744969 -1.692116
-0.599059 -0.580914
-2.203671 -2.136924
1.928691 1.870272
4.117845 3.993118
3.007991 2.916881
-2.039095 -1.977332
-1.299845 -1.260474
-3.800614 -3.685496
-1.010145 -0.979548
2.664125 2.583431
1.848245 1.792264
1.053769 1.021851
2.646657 2.566492
4.977810 4.827036
2.109285 2.045397
-3.192864 -3.096155
-3.114982 -3.020631
-1.146910 -1.112171
-4.518519 -4.381657
4.304954 4.174560
-3.121600 -3.027050
2.058144 1.995804
-0.549151 -0.532518
0.070751 0.068608
4.754961 4.610937
0.489608 0.474778
-3.475576 -3.370303
-3.384884 -3.282358
3.148055 3.052703
-3.592708 -3.483887
-0.129853 -0.125920
-2.451005 -2.376766
-0.796379 -0.772257
-3.201162 -3.104202
-3.333160 -3.232201
-2.788388 -2.703930
-0.240257 -0.232980
0.366995 0.355879
-1.589002 -1.540873
3.749598 3.636026
-1.968880 -1.909245
-4.740757 -4.597163
-0.196632 -0.190677
-4.322224 -4.191307
-4.762947 -4.618681
-3.087347 -2.993834
-2.515088 -2.438908
-2.877929 -2.790759
0.765743 0.742549
-2.033607 -1.972011
-3.572975 -3.464753
2.644143 2.564054
-4.975464 -4.824761
0.877874 0.851284
-2.285107 -2.215893
4.779497 4.634730
-3.632519 -3.522493
-0.760682 -0.737642
-3.605386 -3.496182
4.515536 4.378764
0.646610 0.627025
1.264761 1.226453
-2.935469 -2.846556
4.850231 4.703322
3.063599 2.970805
-1.268629 -1.230203
-2.938157 -2.849163
-2.176658 -2.110728
4.098366 3.974230
0.472841 0.458519
-3.427059 -3.323256
-2.870514 -2.783569
0.732084 0.709910
1.376308 1.334621
-2.192738 -2.126322
0.969137 0.939782
3.288961 3.189341
0.292174 0.283324
3.091208 2.997578
-0.945296 -0.916663
3.258567 3.159868
4.518233 4.381379
-3.301153 -3.201164
3.283103 3.183661
0.396106 0.384109
-0.586260 -0.568502
3.062601 2.969837
1.763587 1.710170
3.653058 3.542410
4.457215 4.322209
1.279123 1.240380
-0.700332 -0.679119
0.721976 0.700108
3.343655 3.242378
-0.850101 -0.824352
-1.214425 -1.177641
-2.924974 -2.836379
1.211742 1.175040
1.608917 1.560185
-3.826608 -3.710703
-3.315417 -3.214996
3.181858 3.085482
-1.697122 -1.645718
2.416667 2.343468
-0.441834 -0.428451
1.110140 1.076515
-1.614197 -1.565304
-2.152872 -2.087664
-3.597686 -3.488715
-3.522989 -3.416280
1.901832 1.844227
4.660881 4.519706
-4.004756 -3.883455
3.600679 3.491618
2.943984 2.854813
1.391350 1.349207
-1.985580 -1.925439
1.006585 0.976096
-1.845063 -1.789177
-3.332522 -3.231583
0.463799 0.449751
4.434061 4.299757
0.967146 0.937852
-3.814225 -3.698695
2.777716 2.693581
-4.882955 -4.735054
-0.028650 -0.027782
4.852742 4.705756
1.328788 1.288540
-3.419733 -3.316152
-3.973866 -3.853501
3.013371 2.922098
4.762125 4.617885
-0.670988 -0.650665
0.430037 0.417012
-0.679708 -0.659120
-4.560848 -4.422704
3.815841 3.700262
2.167420 2.101770
-3.158535 -3.062865
-4.707148 -4.564573
-0.930748 -0.902557
-3.497654 -3.391713
-3.711905 -3.599474
-2.330069 -2.259493
4.446330 4.311654
2.679446 2.598287
0.684351 0.663622
0.452915 0.439196
-4.165617 -4.039444
2.351829 2.280594
-4.083286 -3.959607
-4.731556 -4.588241
-1.681025 -1.630109
-2.897511 -2.809748
3.046159 2.953894
-1.563980 -1.516608
2.073839 2.011024
2.898901 2.811096
4.764808 4.620485
3.654107 3.543427
3.925035 3.806149
2.778178 2.694029
3.416232 3.312757
-1.745954 -1.693070
-1.791785 -1.737513
-2.263476 -2.194917
-1.306802 -1.267220
-2.975944 -2.885805
4.903943 4.755407
0.534663 0.518469
-2.683093 -2.601824
-1.026805 -0.995704
2.037009 1.975310
-1.394997 -1.352744
1.643126 1.593357
1.483339 1.438410
-3.715552 -3.603011
-2.672523 -2.591575
-3.063746 -2.970948
-2.881169 -2.793900
4.679305 4.537573
-2.147032 -2.082000
-2.612725 -2.533587
-2.001720 -1.941090
-0.044543 -0.043194
-4.566565 -4.428248
1.434300 1.390856
-2.970703 -2.880723
3.332336 3.231402
1.199107 1.162787
-4.316597 -4.185851
2.257370 2.188996
-1.022715 -0.991738
4.099635 3.975461
-4.488584 -4.352628
2.185500 2.119303
-3.163841 -3.068011
-0.795386 -0.771294
4.209556 4.082052
-3.259898 -3.161158
4.739277 4.595729
-3.473536 -3.368326
0.713297 0.691692
1.776287 1.722484
0.131467 0.127485
-2.643577 -2.563505
-1.740374 -1.687659
1.415915 1.373028
-0.316100 -0.306526
0.195880 0.189947
3.534746 3.427682
-0.636795 -0.617507
3.048848 2.956501
-4.077978 -3.954460
2.361484 2.289957
-1.995694 -1.935246
-3.644544 -3.534153
-1.204216 -1.167742
0.033602 0.032584
4.687792 4.545803
4.994891 4.843600
0.717005 0.695288
1.945162 1.886245
-1.027824 -0.996692
-0.183359 -0.177806
2.456579 2.382171
-3.842324 -3.725943
1.652800 1.602738
-3.338807 -3.237677
-4.632767 -4.492445
3.392902 3.290134
-3.599530 -3.490503
-3.106304 -3.012216
-0.893801 -0.866729
3.176757 3.080536
2.025163 1.963822
1.462622 1.418320
-3.563617 -3.455678
-1.558922 -1.511704
-3.853479 -3.736760
1.632263 1.582823
-3.024176 -2.932576
0.509726 0.494287
-0.318888 -0.309230
-2.102154 -2.038481
-2.128790 -2.064310
2.685417 2.604078
-0.746697 -0.724081
1.666994 1.616502
-2.280980 -2.211891
-1.058905 -1.026832
1.661885 1.611548
3.436025 3.331951
-4.113743 -3.989141
-4.365939 -4.233698
-1.747334 -1.694409
3.342835 3.241584
-3.208263 -3.111087
4.905465 4.756883
-4.995972 -4.844648
-2.841030 -2.754978
3.298367 3.198462
-3.595501 -3.486597
-0.947334 -0.918640
-2.595434 -2.516821
4.581256 4.442493
-3.922171 -3.803371
3.867187 3.750054
-3.982361 -3.861739
-0.481093 -0.466521
-4.986291 -4.835260
2.649902 2.569639
1.494732 1.449458
0.523435 0.507581
-2.668986 -2.588145
4.392578 4.259530
3.394645 3.291824
-4.983569 -4.832621
-1.354119 -1.313104
0.061639 0.059772
-2.264550 -2.195958
2.586975 2.508618
-3.276476 -3.177234
-3.828525 -3.712562
3.473232 3.368030
-2.642415 -2.562378
-0.575859 -0.558417
1.816067 1.761060
-0.850678 -0.824911
-0.670394 -0.650088
1.820095 1.764966
1.308292 1.268665
-2.372027 -2.300180
3.224594 3.126924
-4.639041 -4.498528
0.032539 0.031553
2.805849 2.720863
-3.561212 -3.453346
-1.100274 -1.066948
3.823488 3.707678
0.957696 0.928688
-1.086565 -1.053654
1.473390 1.428762
-2.547573 -2.470409
4.436870 4.302481
3.804404 3.689171
-3.154995 -3.059432
2.831515 2.745751
3.820835 3.705105
0.490886 0.476017
-2.106846 -2.043031
-3.443715 -3.339408
-1.922139 -1.863919
-0.383321 -0.371711
-2.272240 -2.203415
-3.448907 -3.344443
1.974264 1.914465
2.151901 2.086722
3.367160 3.265172
-3.876414 -3.759001
-3.518492 -3.411920
0.187255 0.181584
2.431878 2.358219
-0.890520 -0.863546
-1.588151 -1.540047
2.792837 2.708245
4.142019 4.016561
-3.782301 -3.667738
4.231626 4.103453
-1.958255 -1.898941
-4.958813 -4.808615
0.189321 0.183587
1.955180 1.895959
1.514577 1.468702
2.641749 2.561732
1.392050 1.349886
0.318981 0.309319
4.486754 4.350854
-0.776435 -0.752918
-0.860185 -0.834131
-0.022360 -0.021683
2.116719 2.052605
0.696100 0.675016
3.055501 2.962953
-3.266602 -3.167660
3.423861 3.320155
4.606594 4.467064
3.707661 3.595359
0.575762 0.558323
2.973754 2.883682
4.831247 4.684913
2.057270 1.994957
-1.838990 -1.783289
2.263126 2.194577
-3.833250 -3.717144
1.572859 1.525218
0.055963 0.054268
-4.691231 -4.549137
2.790558 2.706034
-0.712411 -0.690833
-1.649486 -1.599524
2.831745 2.745974
4.476910 4.341308
-4.694306 -4.552119
-0.653678 -0.633879
2.118658 2.054486
1.697744 1.646320
4.665303 4.523994
1.605413 1.556786
-4.078692 -3.955151
-1.194882 -1.158690
-3.416947 -3.313451
3.038028 2.946008
4.501218 4.364880
4.638554 4.498056
4.771425 4.626903
2.925079 2.836480
4.245148 4.116566
3.479087 3.373708
-1.499159 -1.453751
2.218902 2.151694
3.310334 3.210067
-4.441890 -4.307349
-4.620088 -4.480149
0.573459 0.556090
-3.275140 -3.175939
1.952771 1.893623
-4.370578 -4.238196
-2.966371 -2.876522
-0.256671 -0.248896
-0.082989 -0.080475
0.384143 0.372508
-2.424926 -2.351477
-0.606079 -0.587722
0.689837 0.668943
1.921396 1.863199
-3.487421 -3.381790
-2.612419 -2.533291
1.586699 1.538639
3.117992 3.023550
-1.691111 -1.639888
-4.608184 -4.468605
4.701044 4.558654
-3.653083 -3.542434
4.893034 4.744828
4.339598 4.208155
-3.881658 -3.764085
2.818113 2.732755
3.584746 3.476167
4.597429 4.458177
-3.681047 -3.569551
0.803649 0.779307
2.907763 2.819689
