Iteration	Cost	Gradient norm	Weight distance
0	3.205329	35.072523	3.013450
1	0.554907	0.643258	2.989591
2	0.062948	0.566978	3.000220
3	0.022392	0.043196	3.003014
4	3.124258	50.750344	3.042092
5	0.105893	0.172164	3.033148
6	1.195383	0.869342	3.005560
7	1.902636	21.154040	3.030189
8	0.088184	0.266195	3.035994
9	0.202495	0.852836	3.045200
10	0.027094	0.539532	3.055955
11	2.090888	13.587329	3.056158
12	0.754441	0.907912	3.025948
13	0.037796	0.607918	3.013116
14	1.757331	9.745472	3.012617
15	0.064439	0.634821	3.023135
16	0.233570	2.071752	2.995724
17	0.019756	0.031580	2.992526
18	0.533988	0.237945	2.982281
19	0.457050	4.600297	3.003305
20	0.800066	2.180611	3.002959
21	0.601274	8.824796	2.944205
22	0.065594	0.366731	2.951745
23	0.106033	0.786059	2.935705
24	0.138616	1.660678	2.912772
25	0.945444	4.063538	2.860739
26	0.392180	2.318374	2.873971
27	0.000548	0.004487	2.874984
28	0.000302	0.001550	2.874373
29	0.369339	1.344312	2.882233
30	0.007457	0.118818	2.876794
31	1.035801	0.888465	2.855852
32	0.410354	5.873561	2.809321
33	0.032656	0.030069	2.811130
34	0.427234	0.635595	2.811263
35	0.189820	2.967221	2.780403
36	1.468317	7.787662	2.782516
37	0.355162	0.584748	2.784186
38	0.088848	0.120984	2.787089
39	0.322591	3.502379	2.807333
40	0.343108	5.484649	2.834117
41	0.001449	0.021372	2.831889
42	0.258819	1.221155	2.841442
43	0.000549	0.010985	2.839863
44	0.324216	8.008074	2.874173
45	0.183258	1.559034	2.887702
46	1.039115	10.250137	2.815776
47	0.019990	0.027714	2.812785
48	0.284979	0.067898	2.806226
49	0.551739	9.809025	2.838591
50	0.161801	0.561597	2.823492
51	0.115692	1.109131	2.805059
52	0.025680	0.403535	2.795018
53	0.192524	0.317367	2.797874
54	0.005136	0.010760	2.799271
55	0.915627	0.696124	2.772317
56	1.195099	11.108202	2.694668
57	0.268528	4.493334	2.656380
58	0.040045	0.540906	2.666514
59	0.210520	0.073733	2.658069
60	0.054844	0.352764	2.665609
61	0.940317	21.638908	2.711906
62	0.461961	4.344992	2.669710
63	0.912794	13.322793	2.699569
64	0.229362	0.059618	2.695072
65	0.167379	1.731527	2.709822
66	0.828505	1.119072	2.697698
67	0.011287	0.166360	2.703316
68	0.768391	3.522006	2.657314
69	0.214854	3.800946	2.623464
70	0.381528	0.610291	2.623338
71	0.880347	3.542321	2.574791
72	0.968536	0.938009	2.552713
73	0.023129	0.181844	2.558402
74	0.667590	4.204088	2.511792
75	0.077731	1.148950	2.525739
76	1.090849	9.853007	2.540756
77	0.957661	21.563742	2.449850
78	0.055700	0.309736	2.440085
79	0.548842	8.494090	2.383115
80	0.782652	9.692220	2.408944
81	0.103642	0.673046	2.393998
82	0.029609	0.670517	2.380956
83	0.068637	0.032524	2.376589
84	1.433884	37.230748	2.431188
85	0.340023	0.123145	2.422556
86	0.649535	0.669161	2.411440
87	0.659245	14.698270	2.339191
88	0.715281	0.592755	2.322689
89	0.141656	0.044687	2.316514
90	0.007557	0.006212	2.315136
91	0.021457	0.319781	2.323002
92	0.572183	2.751837	2.330401
93	0.007833	0.000071	2.330153
94	0.000802	0.003547	2.329253
95	0.024038	0.124433	2.323399
96	0.486768	9.268507	2.266326
97	0.110214	0.112338	2.258580
98	0.273213	1.370542	2.268265
99	0.194516	1.926013	2.242542
100	0.012111	0.083428	2.246563
101	0.017265	0.022632	2.243844
102	0.292671	4.241287	2.266845
103	0.760273	5.419370	2.213678
104	0.074391	0.808705	2.225196
105	0.394352	2.187739	2.193228
106	0.165453	3.951402	2.218962
107	0.331191	7.213570	2.170656
108	0.047067	0.002683	2.169239
109	0.744650	3.833732	2.176192
110	0.133493	1.573505	2.153925
111	0.030583	0.213110	2.146143
112	0.010099	0.012169	2.147528
113	0.157706	1.538967	2.124738
114	0.185697	0.042779	2.119178
115	0.104528	1.561493	2.097519
116	0.222205	0.414012	2.082414
117	0.595865	1.025606	2.054591
118	0.075106	0.598952	2.040763
119	0.237364	1.624779	2.015268
120	0.108674	0.188145	2.018874
121	0.089507	0.643792	2.028912
122	0.223163	0.626668	2.011363
123	0.041093	0.005431	2.011156
124	1.613602	29.180947	2.049902
125	0.005461	0.057472	2.046126
126	0.411554	4.973405	2.002111
127	0.025145	0.417839	2.011364
128	0.169656	0.576537	2.017956
129	0.082639	1.481609	1.997333
130	0.739042	2.523843	1.997769
131	0.038762	0.038807	1.999611
132	0.365476	0.804706	1.977507
133	0.163122	2.200735	1.995650
134	0.349217	6.706244	1.947781
135	0.006786	0.000477	1.947283
136	0.114058	0.751338	1.931069
137	0.077039	0.065503	1.925278
138	0.249508	0.559430	1.907907
139	0.308293	0.502761	1.890167
140	0.789460	11.904120	1.921454
141	0.489579	1.005349	1.920229
142	0.130876	3.089047	1.943466
143	0.069823	0.953617	1.926912
144	0.254056	1.696923	1.939027
145	0.523739	2.157937	1.944071
146	0.034188	0.518212	1.932409
147	0.021812	0.021926	1.933962
148	0.174305	0.466997	1.919252
149	0.645493	3.177362	1.924895
150	0.252298	0.197377	1.912870
151	0.108541	0.825673	1.896381
152	0.538461	1.202635	1.867922
153	0.073177	1.120287	1.881807
154	0.527197	9.723358	1.912993
155	0.004887	0.102638	1.908154
156	0.064724	0.545745	1.917072
157	0.004231	0.036474	1.914154
158	0.296827	4.688750	1.936944
159	0.084598	0.026434	1.932612
160	0.323011	4.392570	1.893479
161	0.249213	0.180536	1.881928
162	0.037096	0.006640	1.881775
163	0.624730	6.181871	1.829041
164	0.001615	0.005774	1.830127
165	0.091521	0.915288	1.813347
166	0.006311	0.080005	1.817411
167	0.455470	2.321729	1.783215
168	0.102504	0.034668	1.782142
169	0.073582	0.014260	1.778955
170	0.249160	1.080401	1.756890
171	0.336134	3.609959	1.775534
172	0.431474	7.786567	1.804537
173	0.000635	0.001239	1.805037
174	0.092690	1.174910	1.786460
175	0.244662	3.869132	1.750670
176	0.461406	6.146952	1.773685
177	0.203748	4.576634	1.736545
178	0.361171	5.327252	1.760149
179	0.502788	4.728508	1.714796
180	0.002076	0.036022	1.711890
181	0.017924	0.187471	1.704878
182	0.005156	0.017936	1.702711
183	0.056521	0.205574	1.694313
184	0.102541	0.364548	1.682435
185	0.052270	0.010694	1.679786
186	0.119025	0.031835	1.677209
187	0.090957	1.995987	1.696074
188	0.310500	9.557130	1.641676
189	0.053128	0.558675	1.651588
190	0.146415	0.177082	1.641719
191	0.168892	0.392026	1.645654
192	0.169708	2.530275	1.664867
193	0.126583	1.779680	1.681190
194	0.000482	0.000912	1.680724
195	0.008977	0.076265	1.684585
196	0.059001	0.055256	1.679516
197	0.279662	4.164596	1.701322
198	0.066671	0.011811	1.699981
199	0.122113	0.783245	1.709023
200	0.227359	1.621353	1.720018
201	0.093132	0.168671	1.722675
202	0.325366	1.809413	1.694251
203	0.048546	0.005771	1.692336
204	0.004761	0.001050	1.691723
205	0.010161	0.002655	1.690681
206	0.134580	0.406009	1.677606
207	0.185154	1.433177	1.689004
208	0.399655	0.918523	1.687242
209	0.007858	0.001494	1.687520
210	0.001553	0.001112	1.687950
211	0.060151	0.093659	1.690234
212	0.299329	3.418008	1.706675
213	0.710038	16.564300	1.629155
214	0.007698	0.016634	1.630794
215	0.217215	0.588038	1.634009
216	0.004082	0.000198	1.634061
217	0.097443	0.487482	1.621022
218	0.008522	0.024991	1.623059
219	0.305195	1.353075	1.628919
220	0.004086	0.003020	1.629578
221	0.147904	0.745251	1.612757
222	0.364487	1.316259	1.586519
223	0.009847	0.075851	1.582162
224	0.134683	1.236695	1.594067
225	0.134395	0.045124	1.589700
226	0.276395	4.001983	1.552561
227	0.189363	1.419691	1.563780
228	0.105088	0.092720	1.564114
229	0.003416	0.059396	1.567587
230	0.015807	0.000679	1.567155
231	0.103640	0.039501	1.565359
232	0.279615	0.946903	1.543677
233	0.052528	0.150212	1.547561
234	0.230870	4.894537	1.572566
235	0.206342	0.516107	1.574831
236	0.026839	0.004653	1.573177
237	0.304158	1.631884	1.546185
238	0.093414	0.394571	1.534267
239	0.227114	3.191758	1.552476
240	0.000297	0.000187	1.552269
241	0.110711	0.035315	1.548947
242	0.381847	3.482950	1.511124
243	0.057517	0.965927	1.495029
244	0.008915	0.017494	1.492802
245	0.013525	0.002520	1.493012
246	0.196096	0.249800	1.492017
247	0.305423	2.329746	1.461006
248	0.011102	0.000523	1.460827
249	0.009088	0.016577	1.458630
250	0.100425	2.079610	1.434241
251	0.115067	0.389469	1.421666
252	0.143226	3.133303	1.443911
253	0.207950	1.472586	1.454496
254	0.002911	0.018414	1.452400
255	0.000163	0.002731	1.451622
256	0.000111	0.002051	1.452288
257	0.007584	0.004838	1.451026
258	0.103888	0.077839	1.450692
259	0.018139	0.235644	1.442959
260	0.190730	1.008636	1.422681
261	0.068532	0.040771	1.418017
262	0.241355	4.223754	1.440592
263	0.077525	0.035349	1.436098
264	0.209562	0.281091	1.423515
265	0.014260	0.098284	1.427657
266	0.005369	0.035170	1.424720
267	0.003441	0.049127	1.421340
268	0.208335	1.647881	1.432612
269	0.023264	0.112660	1.436686
270	0.012234	0.296241	1.428374
271	0.063237	0.228346	1.419434
272	0.216932	1.911247	1.431691
273	0.028028	0.054007	1.427429
274	0.054346	0.581906	1.436594
275	0.258535	1.889565	1.409066
276	0.138414	0.153754	1.408610
277	0.011368	0.014206	1.409925
278	0.013766	0.056447	1.412888
279	0.130519	0.081546	1.410478
280	0.039922	0.018060	1.407453
281	0.001075	0.003449	1.408267
282	0.242763	0.388844	1.405922
283	0.000105	0.000578	1.406266
284	0.048028	0.301672	1.412408
285	0.134751	0.366129	1.415477
286	0.188286	0.344143	1.415300
287	0.201905	2.952397	1.384438
288	0.048683	0.098060	1.378381
289	0.134684	0.445974	1.364690
290	0.125528	0.238294	1.366436
291	0.019426	0.312906	1.357656
292	0.215627	0.178760	1.350448
293	0.004895	0.025966	1.347924
294	0.196516	2.171832	1.361987
295	0.102265	2.421299	1.380749
296	0.029206	0.113828	1.374962
297	0.000394	0.003601	1.374095
298	0.013667	0.124723	1.378609
299	0.010009	0.011156	1.376766
300	0.017774	0.015653	1.374402
301	0.028112	0.073596	1.369590
302	0.119069	0.915726	1.352048
303	0.028254	0.231883	1.357924
304	0.013751	0.095748	1.361840
305	0.139948	2.629519	1.334100
306	0.029014	0.003490	1.332958
307	0.096645	2.399457	1.307333
308	0.003455	0.003939	1.308134
309	0.084369	0.123368	1.309678
310	0.005576	0.002910	1.308702
311	0.227692	1.051759	1.287196
312	0.121118	0.871584	1.296395
313	0.003232	0.024567	1.298590
314	0.052633	0.113067	1.292022
315	0.080319	0.416815	1.279969
316	0.233855	0.720325	1.282059
317	0.092364	0.809775	1.291765
318	0.000067	0.000102	1.291615
319	0.046175	0.022437	1.288258
320	0.009976	0.020140	1.285840
321	0.138057	0.974297	1.267059
322	0.082233	0.739373	1.276628
323	0.000348	0.000455	1.276928
324	0.075907	1.041366	1.259463
325	0.021611	0.273506	1.266436
326	0.000016	0.000006	1.266400
327	0.005158	0.007021	1.267437
328	0.112043	0.319768	1.270911
329	0.010638	0.051599	1.267212
330	0.162290	0.525702	1.270602
331	0.074006	0.243289	1.274652
332	0.069092	0.441747	1.262700
333	0.046573	0.755678	1.248420
334	0.000739	0.000149	1.248214
335	0.102680	0.391753	1.235852
336	0.064083	0.486269	1.223416
337	0.032661	0.114701	1.227203
338	0.006758	0.005681	1.228059
339	0.001277	0.003761	1.227100
340	0.023105	0.078590	1.230379
341	0.001875	0.000043	1.230385
342	0.047737	0.673844	1.216605
343	0.069290	1.075775	1.229604
344	0.008440	0.048650	1.226038
345	0.016911	0.059057	1.228994
346	0.139226	1.492777	1.206494
347	0.087129	0.508049	1.193107
348	0.000246	0.005261	1.194196
349	0.091368	0.182562	1.196612
350	0.029519	0.049628	1.198753
351	0.042215	0.218230	1.190376
352	0.000026	0.000604	1.190004
353	0.127256	1.892230	1.205939
354	0.027252	0.097441	1.209491
355	0.012636	0.296341	1.200988
356	0.000072	0.000011	1.200935
357	0.134360	0.107010	1.194375
358	0.014266	0.008686	1.192547
359	0.039685	0.077977	1.195036
360	0.000248	0.003739	1.195939
361	0.071976	0.171313	1.187639
362	0.126409	0.412681	1.174470
363	0.032818	0.701092	1.160782
364	0.021602	0.225725	1.167208
365	0.000079	0.000323	1.167477
366	0.029004	0.135520	1.171907
367	0.159186	1.280797	1.182282
368	0.030873	0.021460	1.179234
369	0.001044	0.021595	1.181386
370	0.100546	0.103670	1.180806
371	0.115467	0.717895	1.164608
372	0.125597	1.273191	1.143754
373	0.022200	0.453228	1.153160
374	0.033915	0.021079	1.150101
375	0.031494	0.690814	1.161470
376	0.048797	0.052937	1.156687
377	0.132778	0.121535	1.149779
378	0.043703	0.034873	1.145845
379	0.003468	0.004051	1.146661
380	0.057801	0.065561	1.141297
381	0.003739	0.080804	1.145435
382	0.117773	2.174291	1.119531
383	0.005116	0.028432	1.121908
384	0.039689	0.025068	1.118571
385	0.193583	2.099298	1.132455
386	0.114021	0.122384	1.125144
387	0.007248	0.014291	1.126643
388	0.008425	0.194095	1.132940
389	0.040013	0.030623	1.129272
390	0.041126	0.267638	1.135278
391	0.022815	0.216263	1.127553
392	0.051486	0.485888	1.135826
393	0.000570	0.003965	1.136736
394	0.004367	0.096410	1.141163
395	0.146683	0.157592	1.133559
396	0.048602	0.879365	1.145413
397	0.024564	0.061858	1.140912
398	0.063435	0.028396	1.138745
399	0.099568	0.738413	1.146703
400	0.010317	0.123907	1.151349
401	0.032262	0.037850	1.147480
402	0.003897	0.000997	1.146887
403	0.051752	1.230635	1.160684
404	0.037745	0.902967	1.145769
405	0.018605	0.357868	1.136451
406	0.002039	0.007383	1.137609
407	0.014520	0.002624	1.137485
408	0.000083	0.000000	1.137490
409	0.002895	0.022644	1.135195
410	0.065805	1.473061	1.150012
411	0.077966	0.724034	1.134982
412	0.087892	0.232453	1.137330
413	0.000275	0.000079	1.137192
414	0.013869	0.157034	1.142264
415	0.111269	0.752016	1.125939
416	0.029266	0.139229	1.129960
417	0.164523	1.438622	1.107069
418	0.028386	0.064886	1.102342
419	0.037092	0.045699	1.103530
420	0.036899	0.161292	1.107657
421	0.059254	1.461215	1.122657
422	0.139724	4.043618	1.088801
423	0.017857	0.201443	1.094624
424	0.045177	0.041484	1.095003
425	0.021259	0.017288	1.095789
426	0.002247	0.000688	1.096061
427	0.002307	0.012323	1.097573
428	0.054950	0.098008	1.099127
429	0.004047	0.002714	1.098217
430	0.000643	0.000586	1.097840
431	0.103584	0.699876	1.082084
432	0.006228	0.010113	1.083266
433	0.072427	1.177502	1.064703
434	0.009173	0.026191	1.061950
435	0.009509	0.055619	1.065048
436	0.034738	0.026681	1.065490
437	0.068442	0.256379	1.069513
438	0.055988	0.602633	1.078326
439	0.001331	0.000612	1.077913
440	0.016056	0.078389	1.073204
441	0.031716	0.274236	1.079368
442	0.070505	0.411016	1.085050
443	0.014835	0.153219	1.078821
444	0.000027	0.000123	1.078979
445	0.063818	0.553058	1.065808
446	0.014346	0.280791	1.072913
447	0.014107	0.117863	1.077223
448	0.084811	0.142946	1.077393
449	0.004136	0.018836	1.079162
450	0.057109	0.204833	1.070590
451	0.045711	0.071780	1.071798
452	0.013734	0.123940	1.076185
453	0.057367	1.398442	1.057012
454	0.049740	0.932366	1.041008
455	0.043671	0.376039	1.047966
456	0.016128	0.173718	1.041211
457	0.083028	0.533170	1.047644
458	0.020934	0.034354	1.044177
459	0.003494	0.013341	1.042342
460	0.000517	0.003657	1.041434
461	0.001251	0.001073	1.041855
462	0.051599	0.172736	1.045146
463	0.037109	0.107171	1.047902
464	0.022241	0.212577	1.040308
465	0.022950	0.036992	1.036673
466	0.052960	0.150290	1.029187
467	0.015103	0.228027	1.035518
468	0.000086	0.000030	1.035595
469	0.074355	1.203784	1.047932
470	0.019542	0.007202	1.046197
471	0.030146	0.010366	1.044375
472	0.020352	0.005434	1.042950
473	0.051846	0.144098	1.045363
474	0.008602	0.152920	1.039410
475	0.003420	0.006565	1.040398
476	0.017439	0.003862	1.039225
477	0.000036	0.000154	1.039401
478	0.006639	0.056648	1.035693
479	0.000291	0.002185	1.036352
480	0.030122	0.613545	1.046153
481	0.106610	1.186570	1.026465
482	0.056443	0.703611	1.035663
483	0.028384	0.029700	1.032234
484	0.016852	0.082253	1.027409
485	0.006028	0.000458	1.027025
486	0.000039	0.000742	1.026632
487	0.058517	0.050593	1.025322
488	0.008901	0.001033	1.025038
489	0.029289	0.456375	1.033219
490	0.027013	0.009576	1.031418
491	0.067845	0.069504	1.026286
492	0.034349	0.071360	1.021180
493	0.095622	1.931466	0.997384
494	0.055150	0.854287	1.008057
495	0.016761	0.005551	1.007874
496	0.000767	0.000061	1.007730
497	0.014756	0.025186	1.009151
498	0.008939	0.136795	1.003441
499	0.016181	0.155108	0.997035
500	0.062006	0.487327	1.003687
501	0.003415	0.003494	1.002687
502	0.074945	0.118932	0.995846
503	0.058016	0.233532	0.999242
504	0.018688	0.022063	1.000175
505	0.006219	0.000566	0.999758
506	0.058191	0.081987	0.999494
507	0.041860	0.344650	1.005387
508	0.014332	0.324767	1.012603
509	0.038792	0.920572	0.997477
510	0.000410	0.000005	0.997477
511	0.029879	0.056065	0.998856
512	0.081030	1.297687	0.979221
513	0.004449	0.074277	0.975076
514	0.027935	0.020070	0.972295
515	0.006326	0.048079	0.975146
516	0.012143	0.002150	0.974535
517	0.000698	0.001181	0.974995
518	0.071712	0.331266	0.964022
519	0.039976	0.651240	0.950484
520	0.002565	0.053178	0.953785
521	0.011791	0.007575	0.952107
522	0.050852	0.673605	0.937862
523	0.013453	0.038249	0.934390
524	0.024309	0.215759	0.926397
525	0.024818	0.167471	0.931304
526	0.041394	0.225167	0.936083
527	0.058706	0.294992	0.940589
528	0.015157	0.130032	0.934568
529	0.018803	0.006249	0.933304
530	0.012200	0.015576	0.930988
531	0.039873	0.035933	0.927541
532	0.001697	0.000764	0.927055
533	0.054725	0.194144	0.930088
534	0.016272	0.334122	0.920744
535	0.001435	0.006797	0.921914
536	0.009507	0.037019	0.918615
537	0.010741	0.128391	0.912733
538	0.000028	0.000266	0.912980
539	0.000730	0.002673	0.913729
540	0.033574	0.357644	0.920984
541	0.046567	0.794040	0.931808
542	0.045671	0.037601	0.928988
543	0.002698	0.035256	0.931616
544	0.000312	0.000885	0.931163
545	0.025500	0.119255	0.925002
546	0.047650	0.180027	0.928056
547	0.001809	0.020790	0.925847
548	0.015701	0.049848	0.928156
549	0.024573	0.374585	0.935714
550	0.001010	0.000306	0.935413
551	0.023355	0.130450	0.939146
552	0.001963	0.036468	0.936303
553	0.043448	0.623031	0.922886
554	0.003308	0.009851	0.921266
555	0.001328	0.000579	0.921538
556	0.041099	0.328874	0.927356
557	0.021494	0.109197	0.921573
558	0.001154	0.000051	0.921437
559	0.013069	0.053999	0.924014
560	0.014455	0.023959	0.925258
561	0.004496	0.068450	0.928793
562	0.007510	0.016086	0.926604
563	0.051661	0.092655	0.920809
564	0.001410	0.007945	0.919439
565	0.007880	0.193135	0.925388
566	0.006588	0.005970	0.923982
567	0.035011	0.129163	0.917330
568	0.000100	0.000711	0.917712
569	0.031719	0.459271	0.906334
570	0.041748	0.802816	0.917039
571	0.001873	0.006635	0.918100
572	0.033418	0.076160	0.912861
573	0.002879	0.038978	0.909842
574	0.044968	0.450445	0.898015
575	0.000276	0.004776	0.899023
576	0.006154	0.019652	0.896654
577	0.007176	0.169049	0.902351
578	0.014289	0.075611	0.897631
579	0.035298	0.251382	0.902665
580	0.004251	0.036244	0.905187
581	0.000233	0.000270	0.904935
582	0.017864	0.007553	0.903644
583	0.040765	0.265871	0.894338
584	0.026034	0.378682	0.901754
585	0.002166	0.003170	0.902427
586	0.009769	0.099224	0.897345
587	0.002185	0.007844	0.895933
588	0.031980	0.358018	0.885644
589	0.031208	0.165575	0.889484
590	0.041220	0.865556	0.873811
591	0.000000	0.000000	0.873809
592	0.000005	0.000060	0.873693
593	0.000460	0.000833	0.874100
594	0.041521	0.463668	0.881593
595	0.020848	0.370820	0.889289
596	0.031540	0.439594	0.878048
597	0.010529	0.161376	0.871549
598	0.009751	0.138910	0.865477
599	0.020595	0.109554	0.859603
600	0.005879	0.091156	0.854721
601	0.013789	0.007399	0.853245
602	0.015473	0.028659	0.850136
603	0.006390	0.041451	0.846712
604	0.009935	0.108770	0.851235
605	0.003854	0.068611	0.855041
606	0.000522	0.008815	0.853582
607	0.058223	1.393966	0.867984
608	0.025191	0.576651	0.855432
609	0.000198	0.002246	0.856138
610	0.000687	0.006521	0.854879
611	0.034123	0.141757	0.857951
612	0.019019	0.322678	0.865268
613	0.013378	0.017005	0.866056
614	0.004688	0.022185	0.867935
615	0.000282	0.001486	0.868484
616	0.000689	0.001953	0.867795
617	0.029752	0.267704	0.873186
618	0.012032	0.079805	0.868434
619	0.000954	0.022178	0.866201
620	0.000011	0.000040	0.866293
621	0.006806	0.086788	0.861584
622	0.000263	0.000014	0.861620
623	0.030881	0.167154	0.865214
624	0.003697	0.087764	0.869310
625	0.013580	0.196091	0.862113
626	0.021533	0.055172	0.857786
627	0.011784	0.247080	0.864350
628	0.005763	0.046323	0.860878
629	0.014914	0.324061	0.868200
630	0.014927	0.139775	0.861963
631	0.011135	0.191366	0.854941
632	0.008417	0.102214	0.859079
633	0.005277	0.025893	0.856424
634	0.000360	0.000887	0.855964
635	0.000001	0.000004	0.855935
636	0.000133	0.002534	0.856667
637	0.005062	0.001670	0.856757
638	0.017523	0.013558	0.856452
639	0.010531	0.150062	0.861377
640	0.000790	0.001253	0.860815
641	0.023127	0.076041	0.855774
642	0.020064	0.036357	0.852249
643	0.010971	0.058685	0.854949
644	0.001630	0.001706	0.854254
645	0.005548	0.037300	0.851108
646	0.000154	0.000775	0.850690
647	0.022667	0.227700	0.855921
648	0.015698	0.023852	0.853066
649	0.000617	0.010590	0.854518
650	0.004391	0.014962	0.852486
651	0.009413	0.129626	0.846683
652	0.000773	0.000263	0.846403
653	0.000018	0.000005	0.846368
654	0.012790	0.007453	0.846059
655	0.022972	0.296672	0.836802
656	0.025859	0.219227	0.841719
657	0.000514	0.000011	0.841667
658	0.001495	0.001727	0.840969
659	0.025010	0.291673	0.831673
660	0.016202	0.313551	0.838903
661	0.005453	0.004736	0.839406
662	0.000062	0.000667	0.839022
663	0.000011	0.000229	0.839245
664	0.001159	0.003981	0.838243
665	0.001320	0.019612	0.840215
666	0.008851	0.191764	0.833245
667	0.016861	0.027312	0.830243
668	0.020418	0.225118	0.835717
669	0.000733	0.002404	0.836384
670	0.000503	0.001623	0.836939
671	0.000267	0.000102	0.836775
672	0.000879	0.000781	0.837114
673	0.001027	0.023437	0.839288
674	0.012787	0.074160	0.834593
675	0.001431	0.000979	0.834053
676	0.004097	0.045602	0.836893
677	0.007012	0.146689	0.830843
678	0.007188	0.169314	0.836421
679	0.014396	0.098947	0.839780
680	0.009123	0.013827	0.840565
681	0.003656	0.046676	0.837204
682	0.004762	0.036257	0.839582
683	0.000000	0.000000	0.839587
684	0.001908	0.004343	0.838512
685	0.011535	0.282084	0.830085
686	0.014610	0.335106	0.837477
687	0.023314	0.093205	0.831943
688	0.004914	0.048665	0.834759
689	0.006090	0.001715	0.834267
690	0.005598	0.046692	0.830772
691	0.007137	0.003480	0.830722
692	0.003313	0.003324	0.831244
693	0.022799	0.203349	0.823398
694	0.007830	0.097664	0.818295
695	0.013703	0.326664	0.825753
696	0.000595	0.008205	0.824387
697	0.017862	0.030801	0.821245
698	0.002045	0.000942	0.821491
699	0.005434	0.038898	0.818242
700	0.000368	0.000286	0.818463
701	0.000014	0.000001	0.818445
702	0.012749	0.042763	0.814755
703	0.000244	0.001295	0.814201
704	0.020117	0.128250	0.817655
705	0.001060	0.022429	0.815372
706	0.002015	0.002486	0.815930
707	0.006216	0.002015	0.815482
708	0.000158	0.000208	0.815683
709	0.001291	0.000535	0.815273
710	0.017973	0.067457	0.817261
711	0.003243	0.020614	0.814934
712	0.004969	0.012543	0.812993
713	0.000000	0.000000	0.812991
714	0.002550	0.038566	0.815700
715	0.016813	0.344841	0.822883
716	0.005649	0.043019	0.819504
717	0.022417	0.390898	0.809001
718	0.004109	0.012596	0.807086
719	0.000582	0.007923	0.808368
720	0.011202	0.070415	0.811257
721	0.011814	0.011553	0.809454
722	0.008553	0.046598	0.811819
723	0.012333	0.277270	0.803274
724	0.000875	0.004511	0.802209
725	0.000005	0.000009	0.802164
726	0.001895	0.000579	0.802306
727	0.014254	0.228829	0.808203
728	0.003300	0.004472	0.808842
729	0.011834	0.008569	0.807874
730	0.002020	0.002122	0.807076
731	0.007972	0.125250	0.811546
732	0.008376	0.105696	0.815442
733	0.000147	0.000439	0.815131
734	0.008907	0.143117	0.809063
735	0.000769	0.017546	0.807080
736	0.016437	0.052803	0.802957
737	0.005252	0.007242	0.803606
738	0.000264	0.001143	0.803090
739	0.000023	0.000399	0.803381
740	0.013511	0.373981	0.793463
741	0.000047	0.000294	0.793201
742	0.004704	0.086097	0.797220
743	0.000080	0.000054	0.797104
744	0.011266	0.027750	0.794132
745	0.009113	0.019193	0.791665
746	0.008562	0.132996	0.796376
747	0.013717	0.045906	0.797916
748	0.004341	0.051590	0.794254
749	0.007239	0.082031	0.797808
750	0.000092	0.001864	0.797168
751	0.000351	0.000484	0.797458
752	0.009252	0.032138	0.799020
753	0.005430	0.126769	0.793410
754	0.007505	0.055138	0.796115
755	0.005087	0.002178	0.795894
756	0.005592	0.004730	0.794686
757	0.009338	0.049571	0.796905
758	0.003264	0.022874	0.798767
759	0.005289	0.101739	0.793735
760	0.000040	0.000002	0.793749
761	0.001662	0.002067	0.792970
762	0.002590	0.001537	0.792272
763	0.000118	0.000172	0.792069
764	0.001969	0.010281	0.793364
765	0.010492	0.047741	0.789530
766	0.000301	0.000683	0.789119
767	0.007187	0.029310	0.790835
768	0.006496	0.038166	0.792987
769	0.000001	0.000003	0.792962
770	0.001321	0.017673	0.790915
771	0.000108	0.000972	0.791362
772	0.004028	0.050525	0.794239
773	0.009198	0.011078	0.792445
774	0.003160	0.001202	0.791870
775	0.004887	0.010153	0.790099
776	0.000001	0.000000	0.790095
777	0.000791	0.010873	0.788504
778	0.006553	0.128890	0.782722
779	0.003337	0.001900	0.782885
780	0.005182	0.041208	0.785364
781	0.007332	0.032150	0.782250
782	0.006798	0.058315	0.778181
783	0.002698	0.028844	0.780471
784	0.000095	0.000126	0.780296
785	0.000006	0.000021	0.780228
786	0.002092	0.014978	0.781844
787	0.008910	0.176145	0.787149
788	0.002051	0.006119	0.788050
789	0.001600	0.007455	0.786663
790	0.000003	0.000005	0.786696
791	0.001883	0.003799	0.787369
792	0.009210	0.057433	0.783240
793	0.000028	0.000290	0.783487
794	0.011065	0.053443	0.779426
795	0.001392	0.004317	0.780247
796	0.008753	0.214168	0.786147
797	0.000070	0.000105	0.786287
798	0.005084	0.012791	0.784310
799	0.001476	0.005259	0.783133
800	0.000229	0.000594	0.783462
801	0.000411	0.000648	0.783056
802	0.005072	0.114616	0.787423
803	0.007439	0.197633	0.780409
804	0.002941	0.015798	0.778331
805	0.001435	0.027109	0.775779
806	0.008390	0.239057	0.782146
807	0.000013	0.000003	0.782119
808	0.000904	0.009107	0.780653
809	0.001507	0.000287	0.780602
810	0.008778	0.133372	0.774570
811	0.005024	0.021139	0.772068
812	0.000127	0.000093	0.771913
813	0.009856	0.193762	0.777379
814	0.004284	0.094890	0.772500
815	0.005656	0.011618	0.773276
816	0.000001	0.000009	0.773321
817	0.005428	0.060075	0.776296
818	0.001949	0.017728	0.774177
819	0.000539	0.005186	0.775175
820	0.000533	0.005608	0.774029
821	0.003425	0.022238	0.775799
822	0.001184	0.000170	0.775627
823	0.000633	0.002920	0.774780
824	0.001611	0.006217	0.775734
825	0.004647	0.030156	0.772823
826	0.000289	0.001111	0.773280
827	0.007298	0.141685	0.767136
828	0.000928	0.006425	0.768233
829	0.004921	0.124308	0.762561
830	0.001349	0.010796	0.763994
831	0.004518	0.047528	0.760359
832	0.002309	0.054572	0.763688
833	0.003005	0.018246	0.761423
834	0.005535	0.028276	0.758521
835	0.007020	0.037453	0.760575
836	0.000194	0.000109	0.760711
837	0.005665	0.038396	0.762968
838	0.004780	0.067857	0.758668
839	0.004849	0.006146	0.759042
840	0.000687	0.014347	0.760787
841	0.008191	0.036386	0.762461
842	0.002467	0.029544	0.759675
843	0.004645	0.063227	0.762905
844	0.003546	0.034007	0.765195
845	0.000519	0.002170	0.765816
846	0.002150	0.036884	0.762788
847	0.001687	0.001392	0.763071
848	0.004773	0.030201	0.760118
849	0.001983	0.010975	0.758382
850	0.000000	0.000000	0.758386
