2 1
1.800343 -2.775015 -2.737374
-0.784537 -4.422585 -2.971270
-1.162172 -1.379405 -0.577373
3.988810 0.431522 -1.199844
-3.830289 0.194602 1.602430
3.279536 4.038225 1.737002
-2.133104 2.047909 2.326472
-4.450517 0.922151 2.376550
-2.755704 -0.795195 0.461391
-3.983904 0.894491 2.178416
2.020087 3.138652 1.551455
-2.926746 -3.196458 -1.248948
1.577231 0.335269 -0.352702
3.152903 3.666525 1.510392
0.778716 -3.751056 -3.070022
2.363475 -2.420941 -2.690012
-1.526071 -3.421062 -1.948384
-1.843526 2.311757 2.411290
0.199533 -2.854716 -2.186729
-2.256721 1.369244 1.871747
2.339886 -3.977185 -3.831700
0.407469 -4.793218 -3.699218
3.070724 0.956952 -0.461746
1.128933 -4.684980 -3.893916
-4.838243 2.145029 3.428377
1.209511 2.181844 1.152661
0.283681 3.282765 2.319220
3.985386 -3.139088 -3.838613
-1.381966 2.138289 2.107271
-4.472563 4.396750 4.954029
3.387233 2.890912 0.847681
-3.024191 -3.138839 -1.169239
4.469849 0.132283 -1.604274
4.172918 -0.330618 -1.833469
2.277567 -3.083803 -3.147412
-3.961374 -0.382547 1.225608
-2.060988 1.446095 1.854036
-0.175764 -3.990264 -2.883431
-2.596953 -4.046831 -2.003288
-3.675244 -2.435196 -0.401056
3.098198 2.534268 0.694044
4.746648 -1.618121 -3.003908
0.817033 3.732034 2.448309
0.242791 4.435067 3.186792
0.870323 0.770228 0.238087
3.831818 -0.742445 -2.008081
-1.338860 -4.192373 -2.589972
1.118717 -1.869011 -1.807926
0.939910 0.291635 -0.142278
2.800371 -1.782523 -2.384338
2.207833 3.838997 1.997792
2.834930 -4.853155 -4.667893
0.285093 -2.340834 -1.839350
-3.843419 2.688140 3.451127
-1.387666 -2.518662 -1.333862
-4.747055 -3.289468 -0.624559
-4.984394 4.999593 5.594666
0.092412 0.832639 0.580455
3.731627 -4.664798 -4.870078
0.267706 -0.398050 -0.396254
1.105430 -0.900476 -1.086742
3.859506 4.766570 2.054686
-0.092849 -0.021777 0.019254
-2.102441 -4.152939 -2.270049
-4.730142 -4.302070 -1.379708
-0.935463 2.477691 2.188196
4.536927 -3.100532 -4.020128
2.624535 -0.177980 -1.130999
-0.441366 3.781117 2.963789
-2.489840 3.170968 3.292693
-3.737545 -2.236896 -0.230711
4.881500 -3.721940 -4.610801
-2.237303 -0.026088 0.832657
2.110699 -3.505676 -3.395798
0.309114 -2.621595 -2.056089
1.096275 -3.585455 -3.068502
1.477929 -0.044220 -0.595479
-3.818886 -3.614920 -1.218635
4.934003 -0.921327 -2.560048
-2.767860 -4.796139 -2.492239
-0.223398 1.296678 1.043819
2.681551 -0.686471 -1.528682
3.196146 0.306087 -0.990749
4.135549 -2.245221 -3.234877
-0.912797 -3.354291 -2.132544
-4.074253 0.349658 1.809976
-0.591187 -4.192752 -2.874960
1.627718 2.171511 0.985771
0.781160 -1.261583 -1.230261
3.665835 -3.909726 -4.286732
1.116822 -0.237890 -0.601171
-2.495181 -2.405249 -0.828272
4.717890 -1.314067 -2.768142
-1.020169 4.651893 3.828035
2.764606 1.211972 -0.156620
4.855753 -2.458792 -3.667038
-2.491350 2.537304 2.824744
1.854737 -4.295205 -3.882100
-2.156609 0.990286 1.553427
-1.540425 1.930594 2.014044
2.635995 -0.614678 -1.458253
-2.719748 -2.955191 -1.149381
0.192570 3.907970 2.816185
4.216319 -4.026270 -4.582524
-2.353613 2.882154 3.027273
-2.935996 3.763210 3.900483
-2.355736 -0.431177 0.578237
-3.642039 -2.637846 -0.563538
3.254755 0.337792 -0.989624
-2.985953 1.019361 1.890732
-3.450236 -3.130200 -1.000617
3.560569 -0.941587 -2.052036
4.407104 0.415306 -1.371116
-0.236792 -2.749505 -1.942788
-3.594407 3.222783 3.751615
4.181090 4.041588 1.396185
-2.391895 -3.538658 -1.705634
-3.913603 2.800674 3.561059
-4.630688 -4.697284 -1.709796
3.774404 -1.984300 -2.904434
3.184870 -4.161592 -4.289812
-3.221091 -4.170866 -1.857331
0.407230 -1.863130 -1.532650
-1.808712 -1.338014 -0.300572
3.474662 0.205335 -1.171301
4.681347 -4.975574 -5.461509
2.075134 3.241916 1.606846
-0.917161 1.482239 1.445200
-1.342778 3.846047 3.355048
3.732734 0.062815 -1.374950
2.068830 2.913823 1.366658
-0.895597 4.676935 3.799115
4.375165 0.190799 -1.524952
2.477610 4.744477 2.564565
0.493515 1.252014 0.737800
-2.239823 -1.321614 -0.124282
2.090421 -0.460914 -1.136811
-0.492480 -2.502348 -1.662679
2.675956 2.698808 0.976490
1.159637 1.150618 0.409175
-2.095857 0.840984 1.419901
1.175044 4.979278 3.234181
-0.917100 -4.742117 -3.157050
1.461516 2.740122 1.469485
4.103930 0.194250 -1.419117
-2.197064 1.172761 1.703751
-1.891927 1.907339 2.130698
0.849696 -2.516762 -2.184426
-2.901861 -1.672695 -0.131769
-2.772285 2.591654 2.971907
4.579319 -0.012108 -1.752720
-3.729960 1.669740 2.654928
4.526978 0.777560 -1.148917
4.167392 2.202934 0.041918
-1.523632 0.327029 0.821989
-1.646448 1.380511 1.647690
-3.831987 4.528596 4.807588
1.359789 0.250913 -0.332274
4.786478 -2.178695 -3.433558
-2.008965 3.890409 3.641527
3.015555 0.793971 -0.561244
0.063169 -3.876372 -2.890205
-2.298690 -4.087135 -2.146665
-1.393134 -0.200551 0.382208
-0.759830 0.834582 0.906419
-2.608897 -1.180511 0.120589
-4.177526 -1.338858 0.600830
-4.510771 -4.650548 -1.720904
4.438702 4.656621 1.752837
2.552385 -2.084930 -2.513504
-0.016350 -4.094063 -3.020883
4.295581 1.151663 -0.784194
-4.565467 0.655370 2.223067
-3.597424 -4.778989 -2.163667
3.476675 -0.606389 -1.772248
4.111420 1.492230 -0.462256
-4.812418 -0.825411 1.222229
2.615858 -2.111108 -2.557029
0.087454 -3.777276 -2.826182
2.688341 4.327624 2.176103
2.057306 -4.920557 -4.421616
-1.852888 2.879780 2.834845
-1.259414 -1.363659 -0.528701
3.229231 -1.820712 -2.575881
-1.707038 0.781617 1.227946
1.094358 3.276611 2.005971
1.687554 0.389939 -0.354290
-0.571726 2.122087 1.786758
-3.954691 0.830850 2.120237
2.343098 4.521984 2.451277
-4.775539 1.454518 2.893942
1.014214 -4.587957 -3.778494
-4.370893 -1.369929 0.651489
-1.699065 0.716561 1.176808
-0.147205 -4.010724 -2.909435
0.044184 -3.089899 -2.301465
-3.931281 3.191296 3.856613
4.789880 -0.190695 -1.964946
-3.172362 3.019112 3.440311
2.988593 0.120599 -1.048862
-1.199272 -0.917049 -0.221384
-1.602790 -4.511718 -2.725590
4.472890 2.825485 0.385895
2.610369 -4.481800 -4.307806
-1.343665 -0.046533 0.477251
-4.959816 -1.119204 1.061130
-3.592015 1.054398 2.147421
-0.707161 -2.962908 -1.921463
4.684469 2.593774 0.134003
2.753653 -0.462736 -1.390711
3.583050 -2.202163 -2.992654
1.447365 4.651769 2.888327
-4.010867 1.237246 2.442113
-0.538926 -2.183229 -1.409039
-0.743643 -2.550333 -1.602518
2.937370 3.057086 1.141852
1.532617 -3.665419 -3.293783
3.545368 1.005508 -0.606585
4.160065 1.155738 -0.729578
1.523707 -2.183600 -2.194747
-3.890795 1.563891 2.637908
1.697196 -2.482810 -2.482043
-2.381712 -4.009964 -2.057991
-0.445717 -2.697243 -1.824589
3.583810 -2.692065 -3.355171
1.840022 2.166860 0.901489
0.105772 -1.712613 -1.306566
1.818630 1.094906 0.117043
4.524633 -3.720296 -4.473693
3.911677 -1.219010 -2.390858
-1.270630 1.849047 1.851012
-3.161924 -4.738012 -2.299204
3.183627 -4.616556 -4.625735
1.267495 2.343693 1.250251
1.539182 -2.208798 -2.219271
-4.839907 2.648387 3.801188
4.355093 1.857289 -0.285123
-4.834423 -3.026618 -0.396942
2.847325 -0.280140 -1.291371
-0.723861 1.431135 1.333807
2.027795 -3.883839 -3.643840
-1.402005 -2.866432 -1.585539
-0.596452 -4.583375 -3.161778
3.228474 -1.071819 -2.021869
-3.303671 2.140150 2.840417
2.709171 0.425699 -0.716873
-1.010803 4.547247 3.747094
0.687687 -2.827175 -2.352251
4.930691 -3.044818 -4.128875
4.516517 1.469873 -0.633043
-0.253616 4.676610 3.554414
-0.881740 -0.898523 -0.328600
1.533899 -0.716162 -1.113620
1.074859 -0.618775 -0.866814
4.003698 -4.649002 -4.962001
-4.187640 1.031493 2.357295
-3.532841 -0.589645 0.909300
3.165061 0.870707 -0.561438
-0.173020 1.393534 1.096250
4.798887 1.523309 -0.701058
-1.466315 2.508058 2.412794
-3.050992 2.522882 3.027187
2.055305 2.636694 1.166902
4.695706 1.985997 -0.319661
4.591876 4.212224 1.365927
-1.544130 -0.661740 0.098708
3.888834 2.574130 0.422450
3.439737 0.422733 -0.997259
-3.142032 -0.485404 0.837557
4.803958 -4.138335 -4.889151
-0.134407 -4.383682 -3.190070
1.893158 1.332752 0.264524
0.026673 0.058219 0.032890
-2.796541 4.853653 4.653643
-3.548247 -2.997654 -0.865292
1.376962 -0.014562 -0.535103
4.510404 3.325970 0.741663
-2.491680 1.565709 2.106481
0.962664 -2.795974 -2.433889
-1.448294 0.554540 0.961520
-3.583750 2.007576 2.849044
4.892800 -4.694916 -5.334513
-0.418294 3.332537 2.623327
0.727817 1.439674 0.787334
-2.152868 0.531774 1.212983
2.301339 2.712726 1.129431
1.148092 -0.805503 -1.032765
-0.954522 -3.825235 -2.464866
4.252716 1.248936 -0.695949
-3.971582 -4.295530 -1.663726
3.251282 2.405380 0.540452
0.689908 2.761686 1.779252
0.731349 3.198228 2.086246
-0.672604 -3.305987 -2.188291
-4.597746 2.879102 3.879563
2.248553 -3.181496 -3.208597
-0.113322 2.141352 1.626447
-2.876412 4.468384 4.399193
0.473889 2.851405 1.927847
0.908058 3.321021 2.109749
-1.616821 -1.790603 -0.708282
1.033747 4.531271 2.956734
2.403894 -4.920775 -4.553756
-4.293964 1.656611 2.859988
1.328161 -3.265547 -2.920265
2.361080 -0.420557 -1.210036
4.139833 -1.949012 -3.017495
-2.658871 -0.128818 0.917230
-3.750784 1.668525 2.661959
1.565195 -3.348530 -3.071883
-0.452373 -1.186252 -0.704843
-1.530025 4.434305 3.861302
-4.044899 0.593563 1.979139
3.902689 1.428990 -0.429532
-1.555033 -0.189253 0.452212
-0.249989 1.828146 1.446907
3.020143 -4.216242 -4.267493
1.359417 0.424038 -0.204126
-4.137018 2.065453 3.102518
-2.919352 2.191143 2.731775
3.799906 4.441728 1.837196
-3.229414 2.939739 3.403348
-2.507283 -0.888285 0.297964
-2.189078 -1.258067 -0.096619
-4.219759 4.376117 4.842507
0.393403 0.327868 0.092617
-1.810135 3.863378 3.545828
-0.237827 -0.855034 -0.541641
-0.543059 -1.335138 -0.780395
-4.426045 2.901908 3.831044
3.475608 0.323966 -1.083946
-0.269946 1.495751 1.208737
1.107724 -3.910528 -3.313218
-3.080211 1.970706 2.630040
3.154924 -0.999563 -1.940436
-0.838151 1.954831 1.764543
-1.557835 0.932436 1.282644
-0.105430 0.934882 0.731389
-4.955849 2.705492 3.887560
4.676815 -4.175608 -4.868296
2.081608 0.070218 -0.740741
1.152259 -4.728526 -3.934996
-1.066404 -4.085568 -2.614750
-0.583561 3.390536 2.729144
-0.420706 -0.009605 0.153099
1.292444 -1.945098 -1.930338
-4.685639 -3.977502 -1.156672
4.550653 1.422085 -0.681376
-2.888030 -3.529558 -1.509981
-1.607209 -4.733106 -2.887599
0.470880 2.554641 1.709569
2.221725 3.913045 2.047252
-1.512924 -2.883705 -1.556074
-0.152073 -1.468773 -1.028088
4.821786 -0.475258 -2.187498
-0.644381 1.903395 1.652726
4.594959 -4.492122 -5.071153
2.174868 -1.471445 -1.916144
-3.577689 -3.408692 -1.157998
-3.080909 1.001604 1.913762
1.581702 3.211535 1.772277
4.056506 1.896063 -0.142755
4.234033 3.607160 1.054813
-1.681852 -3.653998 -2.061294
-4.922398 1.710940 3.139461
-3.387104 0.548482 1.695324
-0.734419 3.834621 3.114942
-0.538473 2.752657 2.240333
-4.049084 4.309454 4.728225
-3.716116 -4.227298 -1.710555
-1.165805 0.639503 0.916771
2.676097 -1.570846 -2.180503
1.147382 -0.149035 -0.547109
1.957709 2.569692 1.154525
1.442273 3.876800 2.317262
-1.428703 -1.976025 -0.917015
2.088335 -2.372197 -2.549200
4.920038 1.322368 -0.895765
-3.765037 -1.761814 0.131028
2.668370 -3.687435 -3.742546
4.949126 4.281266 1.280939
1.861047 -0.785294 -1.289310
3.115887 -3.677426 -3.905557
-3.032637 4.066803 4.161757
-4.367972 -1.748753 0.370278
4.839505 -0.533777 -2.237514
3.890751 2.515602 0.378445
2.895377 0.038132 -1.074341
-2.633433 -0.146913 0.894164
-2.392175 3.808840 3.727139
-1.270113 1.179122 1.355480
-3.167186 -4.181779 -1.885927
3.806925 -3.247148 -3.850555
2.140589 -4.958112 -4.481098
-0.008961 -0.191041 -0.137842
-3.645547 -0.059836 1.343953
-0.909775 3.215500 2.723944
4.154871 -2.793887 -3.647913
4.538074 -3.877766 -4.595243
-3.727084 -4.829898 -2.151935
-0.626519 -3.887579 -2.635864
-0.363675 -1.735768 -1.144925
3.628023 -2.468298 -3.206557
3.302364 -4.005410 -4.219073
2.384788 -4.089811 -3.932073
4.803430 -3.885325 -4.701877
2.089311 -3.363756 -3.282720
-3.067103 0.896235 1.830596
-1.610903 4.073485 3.625313
0.938123 3.380135 2.142008
-1.117556 2.292576 2.120664
-1.679701 2.972669 2.837578
0.508077 -2.524830 -2.060305
-4.821218 0.046151 1.870004
-1.402596 -3.548302 -2.089482
0.216253 2.970885 2.114296
-2.435881 4.852577 4.515511
-3.764883 -3.807858 -1.381855
-2.615721 4.537482 4.351014
-2.813267 4.769068 4.597470
-4.552329 -3.009838 -0.491954
-4.116257 2.536982 3.443256
-1.373593 -2.183361 -1.091302
-1.566783 2.015503 2.086861
-3.109875 4.371341 4.416341
0.395638 0.772569 0.420574
1.663917 3.715938 2.113921
-1.254762 -2.828007 -1.613197
-3.808892 -1.075980 0.654827
2.218144 -0.211488 -1.001024
0.375718 -2.565603 -2.040052
-2.240603 2.939837 3.026889
-2.713026 -1.005485 0.289652
4.131979 -0.328747 -1.816496
-1.468003 -3.681288 -2.162904
-0.559679 -1.020332 -0.541302
-1.691126 0.324064 0.883576
-3.483350 1.935281 2.757359
3.140703 -0.050133 -1.233022
-1.049216 -4.969172 -3.274624
-0.678792 4.346422 3.472180
0.803397 -4.014876 -3.274486
3.062360 4.548635 2.197093
-1.842882 4.253468 3.846726
-1.527345 -4.624738 -2.837884
-0.958020 3.848373 3.210255
-2.190341 1.801377 2.165984
1.788210 0.096633 -0.609486
-4.204109 0.920189 2.281269
4.767886 -0.672112 -2.312526
2.238901 -0.791793 -1.437999
3.307555 -4.452225 -4.551421
4.532271 4.824205 1.841117
2.483056 2.672973 1.030842
-0.225928 -3.566160 -2.550751
2.703801 4.095280 1.998423
-4.219737 -1.492802 0.503079
-4.919596 3.842623 4.714539
-1.944168 -1.762478 -0.562836
3.096090 1.528488 -0.048818
-1.387216 -2.861930 -1.587842
0.376861 1.422443 0.908235
3.939447 -2.834929 -3.596228
-3.480924 4.735338 4.826769
3.085260 -3.713038 -3.920225
-0.936775 0.324161 0.596398
0.495170 -2.629219 -2.132575
0.871936 0.027440 -0.311737
-2.805014 -1.645007 -0.148175
-2.299586 1.969058 2.331566
-0.211167 -4.595785 -3.317667
1.064337 0.569095 0.015492
-1.088588 1.144741 1.260936
-0.588282 1.967245 1.678574
4.382263 -2.492192 -3.511432
-1.504268 -2.004953 -0.909629
-0.354122 3.872593 2.998203
4.417490 -1.414676 -2.728141
-3.962336 -4.063434 -1.495637
-1.679338 4.122924 3.687927
-2.776471 2.383888 2.819880
-0.552915 2.718698 2.220724
4.754669 -4.680978 -5.271608
-2.253862 -3.050345 -1.397143
-1.325986 0.446552 0.835101
3.918712 3.462847 1.068181
0.850766 -0.016950 -0.336498
-0.968058 4.762178 3.889736
-3.872209 3.443660 4.020713
1.729423 -4.489945 -3.978371
-4.048532 -4.774845 -1.988824
-1.494898 0.597346 1.010917
4.097748 -2.077408 -3.096404
4.182671 -4.864588 -5.189555
-1.140842 -2.496667 -1.411587
4.258336 1.082687 -0.821012
4.887221 -1.294579 -2.818213
-1.198615 4.641889 3.888589
-0.975558 1.547523 1.515708
-3.408456 2.698457 3.293124
-3.005925 -4.489744 -2.175040
1.161304 2.844842 1.661232
0.493306 -4.806754 -3.741913
2.607020 1.621097 0.205891
3.636906 -0.663557 -1.875532
2.131152 4.588374 2.581072
-0.438402 -4.363746 -3.059570
0.185720 -1.340654 -1.061987
-1.441154 -0.631609 0.081774
-1.205242 2.418004 2.246794
1.871724 -1.946907 -2.152260
-1.499309 1.758944 1.871470
1.758514 2.302076 1.032504
1.400833 -4.217043 -3.651466
-1.150401 2.992377 2.650597
3.481413 0.843674 -0.701890
3.502633 -0.357283 -1.597946
-1.311484 -1.004061 -0.242990
-0.164037 -3.704464 -2.676580
-4.382964 -1.527131 0.539851
0.631979 2.748188 1.791330
-1.938757 -4.806423 -2.815558
3.384442 3.246963 1.112004
-1.147077 -3.056712 -1.823305
-2.384647 2.647681 2.865723
4.361292 4.487077 1.656955
-4.299226 -2.138018 0.056281
1.246021 2.459288 1.343899
-4.835942 -2.353146 0.101595
3.242245 -0.986343 -1.963912
-4.360769 1.723658 2.935001
4.857332 4.141864 1.212820
-3.633625 -1.454152 0.308469
-1.862198 1.202338 1.598106
-0.158616 -1.245162 -0.860260
4.675207 -4.526637 -5.127231
-3.496973 -2.263551 -0.342028
-4.333061 4.887468 5.263740
-4.016588 -0.480138 1.174475
-3.169244 -1.401235 0.170763
-2.832457 -3.807952 -1.736985
-1.914158 -2.131683 -0.847249
-0.945970 4.331863 3.563154
-4.672395 -0.781912 1.201072
-3.021283 3.569850 3.789992
3.231746 -2.382052 -2.991888
0.293509 3.089078 2.172267
-3.240189 1.659884 2.461139
-3.365075 -0.102387 1.205689
-2.137778 1.476309 1.905617
3.652452 -2.462572 -3.211625
1.949672 -4.844522 -4.324410
0.273878 2.616611 1.830406
-4.957053 1.257289 2.817233
-2.863526 -3.126297 -1.221145
4.856054 -0.695983 -2.363749
-1.934250 -2.058104 -0.785195
2.172334 2.119780 0.740137
-2.726241 2.499939 2.886561
-3.662132 -0.747525 0.841798
1.069790 4.569614 2.971360
1.870423 -3.636702 -3.401183
2.658691 3.630234 1.671751
3.023182 4.293617 2.023454
-1.472153 -4.114596 -2.481707
0.769926 -2.819701 -2.378040
-1.577167 -2.280402 -1.085534
-2.664222 3.696710 3.747825
-4.663791 -2.621276 -0.162211
-0.046001 -2.527317 -1.851156
-0.747573 -0.189947 0.144225
1.776699 2.318177 1.037485
2.751949 -1.050967 -1.824994
-0.562042 -4.974292 -3.463921
-3.551028 0.775826 1.925841
-0.721817 2.518762 2.137209
0.345440 -3.851394 -2.979223
3.882060 -1.995869 -2.953982
4.778840 1.905242 -0.411026
-2.702252 -1.693312 -0.223023
2.790647 3.067674 1.205552
0.486987 -3.786521 -2.985156
-4.212728 2.822764 3.691296
4.910190 -3.876519 -4.736020
-4.798511 -0.135811 1.726817
-1.403836 -0.546084 0.130800
4.674242 -4.627137 -5.201172
-3.227907 2.426192 3.023063
-0.678104 1.210051 1.152916
2.451900 0.770868 -0.363691
-3.014123 -3.269917 -1.269990
-1.710370 2.331317 2.375047
-2.121311 -2.828310 -1.283446
-4.664552 -2.342471 0.044224
4.076933 -2.366804 -3.302454
0.964217 1.867579 1.013704
-4.299130 -3.548796 -0.986871
3.081059 -3.511858 -3.769875
4.273968 2.991248 0.584207
-2.388377 4.475457 4.218582
-2.144563 1.207787 1.709658
-1.070628 -2.470320 -1.418844
1.580650 0.701466 -0.083242
4.955871 -4.097454 -4.916772
-3.088483 2.407771 2.956351
1.673415 -1.102606 -1.452479
4.137854 4.963045 2.093965
-3.771290 -2.983457 -0.769861
-2.865265 -3.435842 -1.449358
-0.325927 -3.788332 -2.676944
-0.802646 -4.361710 -2.919364
3.079248 -0.101776 -1.247804
-2.910506 1.160306 1.966216
1.386367 -3.636539 -3.216737
-0.848445 3.997990 3.279155
-4.161082 2.006992 3.068456
0.205777 -0.231709 -0.249682
4.536672 -3.213573 -4.103612
-4.530244 4.492543 5.046821
-2.311027 -2.618727 -1.056240
1.900314 4.362387 2.501881
1.278667 1.038168 0.280705
4.325433 2.507377 0.206840
3.054712 -3.539832 -3.780526
4.071535 -2.271215 -3.229721
-2.328164 -1.731111 -0.393420
-1.632926 -4.248916 -2.519801
3.167114 0.456568 -0.868429
1.911390 -0.446520 -1.057994
1.820029 -3.937055 -3.604071
-1.448530 2.658948 2.517588
3.069937 3.757247 1.609063
-2.572762 2.606609 2.906987
-4.456327 -2.103006 0.141992
2.099152 -1.767354 -2.106104
0.278267 -1.000534 -0.845747
-2.404967 -3.443066 -1.629977
-4.962366 -3.079534 -0.387348
4.064311 3.092346 0.738793
-1.619366 3.135846 2.935255
-4.178869 1.052470 2.369465
-3.595265 -0.811795 0.768815
1.803554 4.571849 2.693601
4.644773 -1.285056 -2.718849
-0.874671 1.464803 1.416128
-0.222111 2.676799 2.063777
-0.876250 -2.152173 -1.257627
1.434046 1.550988 0.600712
-4.545565 1.977719 3.193220
4.447983 2.553587 0.194341
-4.789635 -0.273750 1.621446
-3.446947 -2.194602 -0.310097
1.283184 -3.409313 -3.009438
-0.274136 0.347495 0.361323
4.683033 3.106498 0.513653
-1.516659 -4.495836 -2.746645
-0.841032 -0.111924 0.237503
-0.307631 -4.037478 -2.868127
-0.540075 -0.662858 -0.284454
-0.322533 3.585254 2.773719
-4.198055 4.455356 4.892831
1.262053 -0.074305 -0.535520
-2.696817 -2.303901 -0.676555
-3.523317 -2.242382 -0.316344
4.673818 -4.075334 -4.793013
-4.688795 4.884183 5.396772
0.650916 -3.135742 -2.566400
-2.310418 -3.065900 -1.387107
-1.545055 2.415446 2.374301
2.281595 -1.862022 -2.245573
0.521944 -4.235064 -3.330116
-1.357858 4.680912 3.978081
0.653012 3.334511 2.216843
-4.356565 -4.887063 -1.954501
-2.328347 0.320901 1.123887
3.698191 -1.526402 -2.536847
-0.223742 -0.039756 0.055804
3.399293 2.079440 0.243094
2.656344 4.875976 2.593734
4.837058 2.330162 -0.119014
-4.199358 -4.851737 -1.988244
2.214346 1.451558 0.230062
-2.987479 4.903928 4.763523
3.385658 0.467466 -0.943591
2.319374 0.667253 -0.389838
3.605445 -2.158682 -2.969032
1.432189 -2.752413 -2.580473
-2.477770 -2.914799 -1.211658
-4.417902 -1.834335 0.326012
-2.801862 -1.746249 -0.224233
3.486566 -4.103671 -4.361869
1.727349 -1.737176 -1.942211
0.856574 0.126642 -0.232538
-4.657736 -1.487082 0.674094
0.002618 -4.820678 -3.565358
-4.156920 0.803260 2.176844
-4.672414 3.057426 4.039847
-2.745182 -2.659893 -0.921355
2.961353 -4.359524 -4.351048
2.807573 0.280727 -0.861534
1.307729 1.413017 0.546798
3.122045 -2.260081 -2.859931
3.660604 -4.355725 -4.614508
-0.174880 4.242702 3.203604
-1.190060 2.023259 1.949143
-2.503546 -2.703494 -1.045606
2.919588 4.223803 2.011282
0.559330 -1.223838 -1.117882
-0.649555 0.901594 0.913975
2.289079 4.353063 2.346949
1.080916 3.132159 1.904283
0.156323 1.408502 0.981905
1.189584 2.411141 1.329789
3.748608 -0.849062 -2.055228
3.051617 1.556181 -0.011406
4.431664 -0.640654 -2.161235
-2.030801 2.553709 2.661500
2.099265 -3.370197 -3.291273
3.197984 -3.075614 -3.491845
-4.127495 -2.992076 -0.640595
3.947644 -1.631041 -2.709207
-0.695570 1.867232 1.645480
-2.407238 4.863759 4.512872
-4.356606 1.943207 3.095748
0.765353 2.932473 1.876801
1.296270 -3.153731 -2.825446
1.064632 -3.547407 -3.028320
3.254771 -2.745784 -3.269596
3.863734 2.003379 0.010000
1.405154 1.915351 0.881121
-1.440440 0.836818 1.167243
-3.725302 1.528759 2.548914
-1.609473 3.373963 3.107549
3.158562 -3.411489 -3.725175
-4.701651 4.031067 4.770881
-1.403565 4.245993 3.673911
-2.599975 2.900865 3.134919
1.113225 -0.007213 -0.429240
2.764624 1.756619 0.246080
-3.064006 -1.470023 0.079828
-0.310908 3.232264 2.508295
0.376246 -4.246277 -3.282926
4.684857 -1.368983 -2.796168
-1.992061 3.548592 3.382354
-4.365604 4.413093 4.925383
0.463943 -0.806043 -0.772646
0.249911 1.738641 1.190369
-4.277284 3.640439 4.320459
0.112604 3.881277 2.826899
-4.771050 0.410953 2.120632
2.912344 -1.174615 -1.977496
-0.343054 -4.687630 -3.335355
-3.273751 -4.229829 -1.880875
0.305157 4.490873 3.204306
2.526790 2.241151 0.694903
-1.979150 -2.784118 -1.304905
0.473415 3.397097 2.331507
-2.030394 0.158272 0.890182
-2.971886 0.977545 1.854457
-1.293136 -2.337489 -1.235900
0.390638 4.170807 2.935101
1.856467 -4.359450 -3.930262
0.909448 2.579183 1.560712
4.280988 -3.977948 -4.571421
1.460461 4.509938 2.778472
1.433005 -0.627195 -1.009418
-1.664677 -3.910049 -2.257156
-0.314826 0.061572 0.165409
-3.139878 4.990331 4.885441
-0.447554 4.386912 3.414064
2.231482 2.573296 1.052939
-3.397206 -2.295104 -0.403349
0.970393 -0.427600 -0.685681
2.863168 2.998507 1.126795
-4.450055 -3.429968 -0.841539
-4.338982 0.940583 2.347707
-4.259162 2.517485 3.483258
1.581133 1.650286 0.618123
0.096668 0.862121 0.600633
2.672338 -3.442871 -3.563229
0.372059 -0.894657 -0.803178
0.929934 3.707382 2.387090
0.195293 -4.384892 -3.316511
-1.231045 2.055415 1.988525
-4.394561 3.321400 4.129223
1.442327 2.836920 1.548364
0.894696 3.045122 1.910839
-4.458184 -3.134911 -0.620282
-2.382478 3.404984 3.424840
4.863596 -1.832534 -3.206975
4.975016 -4.475386 -5.203501
4.108049 -4.284145 -4.731966
3.042100 0.689182 -0.648833
2.366141 -1.861232 -2.277183
-3.448697 0.038479 1.341687
-0.304103 1.923362 1.537915
4.143821 -4.374169 -4.812151
0.630744 -0.660886 -0.728834
-3.759061 4.399699 4.684513
-3.605471 -3.153622 -0.958823
2.721099 2.836857 1.061371
4.683298 -1.384205 -2.806829
0.881978 -4.774886 -3.866353
0.480885 3.499500 2.404378
3.630099 0.344481 -1.127606
-3.333033 3.605115 3.934778
0.869095 -4.224984 -3.454855
4.320970 -1.088805 -2.450442
1.464198 1.687111 0.689878
2.049963 3.015501 1.449022
-3.274411 -3.254140 -1.159209
-0.061137 -4.130589 -3.030836
-2.628309 -4.430393 -2.274949
0.208525 -1.387370 -1.105212
4.969306 1.603054 -0.706989
0.459007 2.690405 1.814473
-0.560089 0.142305 0.318496
-3.693799 -4.678110 -2.052379
0.367420 1.787086 1.181443
3.821390 -1.002481 -2.196379
-2.868433 -4.511644 -2.243588
-2.397366 3.000662 3.131557
-3.736628 -3.076397 -0.851779
-3.088143 2.727570 3.192678
3.610714 3.961820 1.554400
0.743071 -4.663697 -3.731246
-4.292320 -4.318066 -1.558254
-3.794286 -1.920629 0.024740
-3.748459 1.414239 2.473057
1.692001 -3.779152 -3.438568
-1.982707 -2.848992 -1.351518
3.911253 2.457205 0.327459
2.293313 -4.782546 -4.409442
2.779094 -2.339267 -2.787887
2.004539 1.600484 0.420070
1.658252 4.136106 2.426747
2.088841 4.260885 2.355043
2.136768 3.352213 1.664929
-3.815511 4.048625 4.446429
1.079783 4.795203 3.134352
3.010445 -3.177146 -3.495503
-4.868494 3.718126 4.603028
-2.495212 -3.662780 -1.758067
-3.202503 -1.243670 0.299930
2.751458 3.489497 1.532366
-0.022822 -4.231248 -3.119852
-4.359495 -1.111569 0.838177
3.225956 2.933819 0.940818
-0.894116 1.005051 1.083596
-4.405448 -3.889576 -1.198355
-2.394465 2.252803 2.577493
-4.753470 4.694375 5.281057
1.513689 2.383298 1.185787
3.046588 2.698177 0.834889
1.431924 -0.873629 -1.191217
2.493380 -0.557631 -1.361766
0.949226 2.624886 1.579357
-1.839505 3.454014 3.254332
3.962106 -0.042009 -1.539799
-2.789656 1.713564 2.329271
-1.552511 2.187522 2.208615
2.482316 -0.912006 -1.619574
-3.924048 0.708272 2.017935
-2.978187 0.181836 1.268518
-3.286677 -2.383636 -0.510896
1.292260 -0.681143 -0.995712
4.869168 1.538791 -0.716373
-0.986767 1.382856 1.398223
-1.077911 -2.940179 -1.763479
-0.918966 -4.645987 -3.085262
1.186192 -3.425586 -2.984537
-0.203619 -2.864582 -2.040507
4.199300 2.956876 0.587225
-4.410568 3.161406 4.017020
-2.085133 -2.200224 -0.832822
-0.125030 1.362356 1.054923
4.987297 -2.642714 -3.853119
-4.549650 -3.936751 -1.178324
3.065558 -2.527837 -3.036397
1.245086 4.778880 3.059338
0.088527 -2.462654 -1.854572
-0.902262 -0.042305 0.312294
4.076137 3.110970 0.748060
-3.659449 -2.001774 -0.086603
-4.829209 0.421584 2.150639
-1.647762 1.356983 1.630794
1.995998 3.148620 1.567998
3.492401 1.195298 -0.446086
1.105496 4.081832 2.597102
-0.643297 4.020363 3.217578
-3.118392 4.231673 4.316315
0.382719 -3.131095 -2.460837
-3.411041 0.833069 1.914860
-2.067846 4.654516 4.228922
3.305231 4.177240 1.830004
4.433397 -1.606242 -2.875840
-3.285414 -1.468866 0.164994
3.351453 -4.209277 -4.388504
-3.357896 4.692004 4.747880
-1.211052 -3.187105 -1.895355
0.113588 2.141186 1.539918
3.169878 -2.890414 -3.344207
0.289806 1.662279 1.118717
3.304884 -3.604699 -3.923751
0.744111 -2.338412 -2.012350
-4.584336 2.625719 3.687108
-3.106739 0.798383 1.773337
4.494624 -1.517780 -2.833748
-3.368548 -2.573222 -0.619899
-1.863264 4.936683 4.359650
-3.395982 -2.429867 -0.503457
-1.669559 -1.681396 -0.607453
1.101267 -3.318106 -2.872727
-0.890674 2.743371 2.367582
-3.626102 2.898274 3.523745
4.556266 1.487487 -0.635156
0.039461 2.726144 2.000658
3.597073 -4.670734 -4.823230
-0.611577 1.901957 1.639172
-3.275432 -4.867466 -2.351698
4.563545 -2.859768 -3.852245
2.758253 -3.543194 -3.670122
2.938615 2.252876 0.546754
-0.060974 4.570066 3.402280
4.679654 3.075762 0.492213
4.506749 -3.716328 -4.463949
-4.354106 -2.162810 0.058848
-0.397724 1.747161 1.443283
-0.480915 3.711602 2.927450
-0.509468 0.892983 0.854264
1.609876 -0.953202 -1.317816
-2.619530 -3.350663 -1.479951
-3.227057 -4.022457 -1.745327
-3.021397 1.161366 2.009226
2.879500 -1.296829 -2.055353
1.293900 2.443046 1.313657
0.843402 -0.947848 -1.021990
3.899852 -1.217983 -2.385596
-3.694971 -1.161123 0.548492
-1.647917 -4.015317 -2.341372
-3.085361 -2.141168 -0.408278
-2.731645 -2.439467 -0.763529
0.696022 1.870630 1.118086
4.307694 -4.784893 -5.178237
0.582232 -1.201775 -1.110289
1.108090 -2.807891 -2.498079
2.845024 3.488560 1.496044
-1.158555 4.617966 3.855646
4.466103 0.820048 -1.094320
0.779332 2.345603 1.437552
4.523219 -2.926768 -3.886428
-0.211351 0.366621 0.351557
1.125384 -1.311500 -1.398247
4.148638 2.430413 0.217255
2.527377 -2.499279 -2.810347
3.415096 4.442016 1.983941
0.359553 -4.316549 -3.328528
-2.997451 -3.944425 -1.775063
2.554081 -3.689758 -3.700743
-3.729318 -1.863686 0.042103
0.108468 2.378772 1.717536
0.328422 -2.046509 -1.638228
0.867332 4.169868 2.752886
-2.428542 0.333434 1.171307
-0.010084 3.350790 2.481380
-2.320962 -0.486865 0.523821
-4.575978 2.467686 3.567078
4.879757 1.549406 -0.712557
-3.843814 4.028395 4.442248
-1.020181 3.683564 3.112067
-3.470884 -2.605085 -0.604490
3.125580 1.888669 0.206268
-1.921634 -4.871872 -2.870470
2.944244 -4.367553 -4.350469
-3.561629 4.214926 4.472714
-1.231239 1.546839 1.612563
1.593698 4.097183 2.422549
4.500330 -2.538970 -3.590979
3.267050 -2.928212 -3.409157
2.794464 -1.743034 -2.352891
-4.577422 -4.526498 -1.603802
2.770101 -4.153401 -4.125815
2.941188 2.649858 0.839298
2.396005 4.097374 2.117178
1.678253 -3.624176 -3.318745
2.780938 3.207369 1.312538
-1.229262 0.906517 1.138363
0.096038 1.849104 1.330639
1.034646 -1.959718 -1.842981
2.481551 2.473017 0.883569
-2.744792 -3.749689 -1.727288
-0.980145 3.848906 3.219074
-4.652506 -1.479815 0.677476
-3.690065 3.614545 4.077705
0.591973 4.104399 2.809333
-3.128489 1.014551 1.941452
4.577901 4.641612 1.688734
1.861150 2.519089 1.153878
2.291470 -0.742845 -1.421825
1.616463 -1.030277 -1.377312
0.632979 -0.602599 -0.686589
-2.822908 4.403717 4.331005
-4.696082 2.273129 3.468959
1.252821 1.338564 0.512657
-4.686589 -1.265628 0.848822
-1.188420 -2.431381 -1.345198
-0.015317 2.831436 2.099368
-3.582475 0.332178 1.609786
-3.648379 -2.272539 -0.291020
-1.053278 1.943594 1.838154
-3.168140 0.818233 1.811395
-2.041855 -3.590239 -1.877065
0.459845 4.819295 3.388233
3.928850 -2.248684 -3.158729
-0.923550 0.545313 0.754879
1.721039 4.709429 2.826747
4.942713 3.898130 1.000093
4.113146 -4.753369 -5.080846
1.171260 0.365967 -0.175414
1.585195 1.484671 0.494122
4.100339 -4.603225 -4.964954
4.053290 -0.914978 -2.219985
3.228211 -4.529185 -4.578110
4.417200 4.579832 1.704248
-1.801724 -1.636078 -0.523618
1.523426 0.030136 -0.557826
4.182155 4.481571 1.721098
1.439897 -0.357999 -0.813002
4.300866 0.368747 -1.365087
2.393316 -1.622684 -2.111152
-4.085941 -0.885645 0.901056
-1.913255 -4.143228 -2.334909
-1.987515 -2.800109 -1.313543
-3.896597 4.183744 4.577211
2.565858 2.688598 1.010865
0.668415 1.666197 0.977442
3.085374 -0.278294 -1.380653
-4.248780 1.313584 2.589152
0.192521 -4.831580 -3.645733
0.893416 3.390797 2.166916
-1.467658 -2.583158 -1.351089
-1.579067 -2.285503 -1.088582
-3.101587 4.860830 4.775108
2.356497 -3.800721 -3.707550
0.229576 -0.250187 -0.272406
-0.423405 1.143635 1.006822
3.864168 2.663340 0.497803
2.000408 -3.123347 -3.071111
4.863231 3.103811 0.443048
-3.939603 2.429089 3.296213
0.792410 1.728813 0.976524
-0.904714 -1.122217 -0.485248
-3.549482 -0.153495 1.238121
-4.808632 1.643039 3.045935
0.014925 1.084784 0.796395
0.033836 3.547267 2.609929
3.501626 3.454769 1.221031
-3.738236 -4.599961 -1.977675
3.315598 3.618261 1.412753
-3.400682 -1.454826 0.219269
-1.631925 1.175913 1.490882
4.688810 -2.767757 -3.831913
-1.160748 1.689218 1.690994
-0.891105 -1.297517 -0.620046
-0.206971 0.169292 0.203986
-3.868428 -4.414562 -1.791017
-3.101895 0.226858 1.348913
-0.536778 -1.651377 -1.016610
-4.926637 -0.345411 1.620630
4.991663 0.088288 -1.835505
-4.260627 0.025499 1.641266
-1.364445 4.240999 3.655322
-1.519732 -0.102681 0.502780
4.641038 -3.204134 -4.136374
-1.484420 -3.759645 -2.214588
0.341041 1.883654 1.262890
2.416268 0.029850 -0.898024
4.115897 -3.744479 -4.335931
-3.280932 -1.775208 -0.063219
-0.041996 1.512097 1.134021
3.394085 1.089576 -0.486818
2.097535 -4.707810 -4.279632
-3.683566 -3.439243 -1.140270
-1.359187 -3.610203 -2.151781
1.215346 -1.367524 -1.473928
1.478085 1.954719 0.882457
3.657975 -4.886360 -5.005853
1.195718 -2.861758 -2.571275
0.010959 0.836755 0.614516
-1.065892 3.526539 3.013370
2.077111 4.275149 2.370055
0.410193 -0.506621 -0.530789
-0.695001 -0.473910 -0.085754
0.748900 1.024067 0.472010
2.750882 -4.293097 -4.221786
-2.463836 1.144966 1.784786
1.796479 4.633699 2.742026
1.437156 3.112913 1.754399
-3.805545 -4.922031 -2.190180
4.502710 2.409801 0.067188
-1.289555 0.980795 1.216242
-0.635480 -2.631581 -1.703779
1.094435 -4.439762 -3.699468
-0.493338 -3.894606 -2.691774
1.396993 3.440770 2.012107
4.631932 -1.525896 -2.892035
2.715919 0.042125 -1.003053
2.967483 -2.979082 -3.332697
4.568215 -1.283617 -2.688633
3.044985 2.319097 0.555211
-0.576714 -4.418851 -3.047646
-1.535937 -3.780235 -2.210195
-4.785152 4.901219 5.446060
4.332678 -3.590696 -4.304774
4.979188 3.835388 0.939813
3.819105 -1.310367 -2.423156
-0.183817 -1.816375 -1.273014
1.058052 -4.089382 -3.426546
-1.256138 -4.435286 -2.801079
-2.983989 -4.859145 -2.456524
4.005484 -3.352056 -4.003733
-1.385041 1.721403 1.800200
1.690069 -3.417558 -3.170473
3.742321 1.258284 -0.494683
0.298825 1.787307 1.207727
-1.422619 4.722111 4.033204
2.368456 2.041445 0.607535
-4.058123 2.583304 3.455370
1.942664 -4.725445 -4.233698
3.992608 1.921852 -0.099354
4.109943 2.811712 0.513919
-4.388515 -1.073875 0.877099
-4.004663 1.669538 2.759383
-0.163257 -0.260801 -0.130667
2.234252 1.852754 0.519123
-0.119946 1.239736 0.962323
3.500698 3.495013 1.251140
-2.038861 0.190768 0.917433
-4.922544 -3.296540 -0.562964
-3.550948 0.376281 1.630390
3.490767 0.026433 -1.309711
0.098392 0.859223 0.597834
-2.932122 1.040269 1.885693
-1.557473 4.010541 3.558427
1.314824 -2.564866 -2.397110
0.932394 0.424766 -0.040980
-4.753154 1.543879 2.951491
4.350891 -3.757817 -4.435276
-1.786584 -0.812366 0.079661
0.981382 -4.552332 -3.739651
-3.959612 -4.138564 -1.552225
1.687404 4.541086 2.715084
4.356449 4.648542 1.778185
-0.268146 4.433905 3.380493
-3.647998 1.180906 2.262278
-0.189814 4.842769 3.652975
-3.792661 4.908578 5.073568
0.701992 -1.724783 -1.542600
0.948847 4.144518 2.703102
-2.714242 -2.736330 -0.989654
-3.420348 3.218152 3.681910
2.688436 -3.173501 -3.370190
-0.237970 2.039328 1.598475
-1.931318 2.975446 2.935446
-3.773038 4.050064 4.431319
3.423114 -2.732650 -3.323988
4.911500 0.110518 -1.788544
-3.191564 4.267950 4.371001
-0.240940 1.540290 1.230623
3.701855 1.111062 -0.588128
-2.278804 -1.487960 -0.232432
0.953831 -1.071465 -1.155442
-1.579382 -3.344177 -1.871235
2.203752 4.369465 2.391568
-4.199659 4.489510 4.918695
-3.366865 -2.620007 -0.655132
2.707661 4.321571 2.164271
-0.793508 -2.530308 -1.568723
1.360899 2.275174 1.164022
-4.554862 2.587861 3.647893
1.325239 3.868252 2.355507
4.855210 1.236739 -0.934392
-1.021230 -3.336353 -2.077990
0.504689 3.737830 2.571533
3.203937 -0.793457 -1.806707
-0.151108 -4.074867 -2.955375
2.718584 -4.197276 -4.138639
-0.146331 -3.860798 -2.798914
-2.541454 -2.942579 -1.207949
-4.491333 -1.741113 0.422902
-3.453069 -2.858198 -0.798422
0.638881 4.254592 2.902522
-3.536627 4.845373 4.929339
-3.275716 2.824272 3.335605
2.120547 -2.830578 -2.900389
0.412133 -1.554214 -1.306107
-3.962326 0.267343 1.706492
4.682525 0.016444 -1.770909
1.930990 0.187214 -0.596881
-1.245726 0.134927 0.574126
4.393757 3.603167 0.991039
1.060060 2.112341 1.158181
4.405890 -4.086271 -4.699075
3.251542 -3.135563 -3.556565
-2.028850 3.760209 3.552831
0.123324 -0.481920 -0.403287
-4.097989 -4.237795 -1.572902
-1.227328 -2.634616 -1.480652
-4.392422 0.496956 2.040043
-4.810344 2.728125 3.848888
2.666378 0.601789 -0.570378
-3.826089 3.704052 4.195683
-4.130868 -4.143564 -1.490709
-1.279504 2.800121 2.557607
1.043649 2.474770 1.432407
-2.064952 0.437406 1.109731
1.077937 3.995109 2.543474
-2.450253 0.483827 1.290774
4.908838 -4.198711 -4.973731
2.348264 -2.120012 -2.461716
4.561498 -2.528412 -3.606464
2.398068 -4.536491 -4.267401
-1.766207 -3.829259 -2.158759
-2.171106 -1.158629 -0.029939
1.667697 -1.981450 -2.100110
-3.430504 -0.665925 0.813930
3.620338 -2.256593 -3.047098
-1.961874 4.489470 4.066535
-1.400158 1.758622 1.833476
2.289591 4.643492 2.561494
-0.766608 -4.775360 -3.238936
0.080898 -4.688671 -3.497561
4.219749 2.630645 0.338226
0.795157 4.128587 2.749847
3.431934 -1.856579 -2.679588
-2.991425 2.993432 3.352424
0.615009 4.406643 3.024038
3.456941 3.848803 1.529391
-4.422616 -3.714165 -1.062120
-2.309827 2.245081 2.539554
-0.695615 -0.740331 -0.282509
-3.420844 -2.075277 -0.231809
2.003076 -0.382718 -1.045733
-2.585807 -4.397082 -2.266504
-3.624096 4.703784 4.857957
-4.753590 0.609296 2.260636
4.928424 0.327308 -1.634696
0.920626 4.148173 2.716551
-2.042048 -3.284217 -1.650722
3.276760 -3.610114 -3.917046
-0.140796 -4.714665 -3.432362
4.383318 -4.525787 -5.015454
4.691979 2.840259 0.313392
4.323016 -4.730637 -5.143955
4.126094 -2.986811 -3.779602
2.514444 -1.569521 -2.117968
1.272858 4.093599 2.542073
1.355202 -1.724066 -1.790807
-1.289119 3.769395 3.277939
-1.121148 0.086785 0.491092
3.473179 -0.874738 -1.969331
-4.303918 3.401604 4.154009
4.452570 1.616708 -0.500125
2.549777 -2.589478 -2.885569
3.332490 0.826537 -0.657852
-1.199592 -1.808306 -0.880249
1.111872 -1.816274 -1.766327
-1.334093 0.803851 1.102371
-3.976015 -2.011078 0.027064
1.073213 -4.849920 -3.994654
0.002111 -1.412343 -1.045076
-1.419441 -3.725031 -2.213739
-2.318743 4.935761 4.532411
-0.449097 1.392138 1.200345
3.705156 3.429755 1.125033
-3.521076 2.178335 2.951437
-2.444983 -2.824994 -1.157743
0.579939 -2.992413 -2.433397
3.791713 -1.870284 -2.826723
-0.581892 2.124203 1.792194
3.956253 3.218516 0.873230
-4.684103 0.068125 1.834039
-3.597758 -1.018196 0.617153
-4.128024 -2.573773 -0.331104
1.970727 1.945189 0.687817
-2.423693 -3.027162 -1.315331
-4.467154 1.156866 2.556431
-1.752192 -1.785897 -0.653254
1.092627 2.798711 1.653275
4.606241 -0.202217 -1.903537
1.228466 -3.914835 -3.362380
-3.023882 3.783483 3.948939
-1.739829 2.556058 2.552436
-4.208930 -2.948116 -0.577081
-4.314226 0.209178 1.797487
4.176087 4.642027 1.842048
-1.572305 4.491985 3.920050
-0.289848 -0.170063 -0.015371
-1.526211 0.582127 1.011588
2.256164 -4.555484 -4.227409
-2.472683 4.832471 4.514659
-2.582646 -1.939837 -0.450845
0.989337 0.665162 0.115082
1.274266 -2.918036 -2.642797
-1.536128 0.880508 1.235983
1.879747 4.692339 2.753676
1.965673 3.855865 2.102476
3.475822 -4.774157 -4.853528
1.411923 4.266892 2.617248
-2.722273 2.097697 2.587635
-0.523930 -3.546185 -2.422506
1.739723 2.903765 1.484542
-4.054201 -3.550125 -1.081120
-2.266298 -0.580412 0.433837
2.032002 4.989866 2.915687
-0.135896 4.559319 3.422863
4.822337 2.281458 -0.149420
-2.380518 0.811674 1.506626
-2.053381 3.893748 3.660909
2.893639 1.410492 -0.058971
-0.225744 -0.226614 -0.081595
1.102830 -3.260071 -2.830413
-1.370749 -0.421348 0.210430
-3.034228 -4.958826 -2.511097
-1.154456 -0.756501 -0.119742
2.138871 3.321614 1.641504
0.697314 -1.121406 -1.094688
1.225379 1.643113 0.748287
0.328469 3.959081 2.802226
-3.937299 -2.639528 -0.452350
3.948946 0.926805 -0.818456
-3.080209 3.771283 3.961368
-1.791737 -0.460728 0.341622
-0.417042 1.154882 1.012715
-1.566979 -2.523404 -1.269086
-2.434626 3.207277 3.298514
2.249982 3.668204 1.855459
4.947205 -4.120767 -4.930710
-1.753144 -3.087023 -1.614931
-4.079593 2.092400 3.100576
1.156476 3.059277 1.821622
0.414014 -3.146210 -2.483929
-3.062129 -3.360607 -1.318765
3.496903 2.266340 0.344117
-4.401526 4.559605 5.047392
4.626812 4.547420 1.600465
0.486410 -3.453398 -2.738629
3.318703 3.694673 1.468069
1.085875 -2.098339 -1.964983
-0.150445 4.518895 3.398514
0.378258 2.414929 1.641537
2.726172 -2.371760 -2.791760
1.083133 2.673377 1.564220
-1.492527 4.329989 3.769893
4.586354 -0.572121 -2.169467
1.422389 0.742830 0.007607
-2.512843 -3.163597 -1.382261
2.596621 -0.574972 -1.413901
-1.524203 1.093524 1.388945
-3.308632 -0.925730 0.575425
0.653129 -3.681820 -2.971007
-1.378310 -3.860461 -2.329537
-2.135218 -3.059606 -1.449169
4.834212 3.950657 1.080247
-0.157945 -0.316233 -0.173676
3.469552 -4.779687 -4.855230
-2.901305 1.195724 1.988900
-2.151447 3.181828 3.171866
-1.130899 1.356025 1.433269
2.511817 -1.544545 -2.098501
-4.216096 -1.065794 0.817418
4.198286 -1.728939 -2.877033
0.770610 1.794906 1.033694
2.696089 4.246407 2.113102
-2.111570 4.387457 4.048110
-1.679323 3.541559 3.258066
-4.294364 1.942367 3.071426
4.681098 -1.429582 -2.839543
3.882761 4.515309 1.860051
-2.478925 -1.275184 0.001096
-0.800924 -4.009373 -2.659505
-1.054871 1.297771 1.361245
2.186351 1.793682 0.493686
-0.520401 -3.944548 -2.718395
-1.850293 -3.008583 -1.519940
-0.489093 -1.066389 -0.602235
0.925623 -1.290808 -1.306880
2.204672 -3.303767 -3.282294
-4.495901 -0.099239 1.638626
-4.057360 -1.607471 0.356462
-0.711783 -0.736684 -0.273655
-3.065912 -0.006147 1.162930
-3.794316 -3.384815 -1.057853
3.564271 -4.911556 -4.988801
-3.869506 -3.914654 -1.420980
-1.186739 0.329570 0.695582
-2.924027 2.758389 3.152971
-3.372658 4.262324 4.435800
-0.447929 1.106941 0.989029
-4.682225 2.701778 3.780621
3.098358 -0.171318 -1.306500
-3.364611 -0.976019 0.559558
3.537875 3.840061 1.492109
0.720214 4.041973 2.714343
-1.259178 1.662853 1.708982
-2.565498 3.029039 3.216562
-4.073831 -0.631410 1.084423
-1.977108 -2.868147 -1.367813
0.983775 -3.412836 -2.898031
-2.779703 2.114270 2.621758
-2.327490 1.033558 1.650492
-2.556160 -0.251517 0.787395
-1.208053 -0.928818 -0.226742
-0.989194 3.344019 2.849211
-4.821878 -0.671419 1.339692
1.045796 3.276480 2.024366
4.157263 2.681185 0.399390
-2.699539 2.695138 3.020721
1.521247 3.020674 1.654178
1.737111 -4.737932 -4.164657
-0.316473 4.171614 3.204960
3.291107 0.609697 -0.802423
-1.459797 -3.686000 -2.169513
2.741550 4.523979 2.301025
-2.098837 4.961847 4.467960
1.638248 0.573673 -0.199663
0.995405 4.082088 2.639213
-4.677844 4.787352 5.321006
-1.846730 -0.667038 0.210018
3.131371 -1.668608 -2.426153
3.661543 -0.822833 -2.002680
-3.392128 2.818806 3.375892
-3.141647 -1.091667 0.389146
0.513945 3.379600 2.303136
-3.070993 -2.748944 -0.863133
3.641668 1.612534 -0.194426
-3.577331 1.932775 2.791293
-2.777769 -0.037127 1.030301
3.246775 4.963781 2.433824
-0.513148 -3.852062 -2.652773
4.925628 -3.874900 -4.740702
1.721612 0.921033 0.025427
-4.792812 2.043767 3.336205
0.708385 -1.639542 -1.482008
-3.623271 -1.160244 0.521840
1.691850 -4.961728 -4.312895
3.016924 3.299723 1.290962
2.857079 4.875277 2.516778
-2.791945 -1.628977 -0.141299
3.254876 -0.862938 -1.877478
0.622079 1.896544 1.165403
-4.250404 2.044749 3.130386
-1.170681 -2.028173 -1.053825
-2.992379 -2.923906 -1.022433
-2.064392 1.494473 1.891102
-1.775967 -2.138764 -0.905107
2.619573 4.945644 2.659248
3.782268 2.826761 0.649822
1.989412 -0.509346 -1.134157
-3.812781 3.366141 3.940767
3.330410 2.879069 0.860562
3.404413 1.347334 -0.300168
1.178792 1.261491 0.483860
1.222610 3.386847 2.038641
4.632515 -0.522513 -2.150365
-2.476090 0.254594 1.131119
-3.625969 -1.726494 0.104187
-2.700658 0.203350 1.178744
1.245334 -0.693036 -0.986637
2.279444 4.180941 2.223352
-4.198563 -4.496523 -1.725905
-2.957823 3.421010 3.655775
-4.550878 -4.175555 -1.354426
1.247771 2.438533 1.327886
0.315099 2.434990 1.680420
0.804674 -1.354491 -1.307910
0.314059 -0.790913 -0.704385
4.992843 -3.507149 -4.494385
-4.529422 1.215453 2.623461
4.879699 -4.896907 -5.478874
-4.307060 -2.596392 -0.279652
0.357686 -2.933030 -2.304857
0.677114 2.657028 1.706740
2.270321 -3.077552 -3.140031
-3.036008 -0.450235 0.823188
-3.896611 -2.234571 -0.168422
0.053242 -1.854434 -1.391424
-3.813562 0.502364 1.823616
-1.029988 2.434209 2.192041
-2.059103 4.285111 3.952458
-0.130802 3.745571 2.819246
-2.069380 -4.816742 -2.773448
-2.045343 -2.076537 -0.756521
-3.323891 -1.574764 0.101346
4.138916 -3.444193 -4.122667
-1.471672 4.831856 4.133027
-1.040584 3.886014 3.269526
-3.101174 4.636530 4.609106
1.543043 4.169147 2.495048
-3.441022 3.507034 3.903379
-1.281088 -2.337633 -1.240594
-3.727537 3.772154 4.208509
0.807934 -2.541099 -2.186518
-0.725482 4.777946 3.809023
4.893110 2.215415 -0.225201
4.063057 -0.237691 -1.722926
0.960986 -3.006323 -2.588781
-0.054434 3.915643 2.915915
-0.082860 1.621675 1.230603
-2.659121 -0.943944 0.314629
3.177482 0.869207 -0.567277
-1.112088 -2.863102 -1.693475
-0.244779 0.786739 0.674917
-3.226572 -3.701737 -1.508374
-0.044114 -1.667594 -1.216204
4.805298 3.674798 0.887290
0.994773 -3.922239 -3.278866
2.446952 -3.197293 -3.295826
-1.463338 -3.278530 -1.866886
-3.419347 -1.570227 0.141049
3.936884 -4.356290 -4.720131
3.192081 -0.102130 -1.291032
-2.362613 -1.862353 -0.477341
-1.186487 2.554527 2.340597
4.759322 1.154392 -0.958765
-3.389416 2.936805 3.462106
-2.976401 0.498496 1.501972
-4.926298 1.778820 3.191136
-3.714765 -3.152870 -0.916648
3.077083 1.241120 -0.254056
0.179536 2.882381 2.062838
-0.084082 -3.825690 -2.796660
3.960142 -2.637130 -3.457858
-2.022983 -2.503195 -1.080502
-0.915661 -0.442330 0.021622
0.926577 -1.978776 -1.815920
0.201380 -0.881342 -0.728339
2.919094 2.838767 0.987389
2.256306 -3.267393 -3.275060
0.393295 2.015628 1.340572
2.886999 2.003878 0.382302
-0.047568 4.910598 3.648960
-2.497626 0.026135 0.970399
1.689418 -1.212391 -1.539746
1.873265 -0.233499 -0.885971
-4.971271 -2.947199 -0.286110
-2.351118 -0.055353 0.854360
-1.772889 -3.390976 -1.832152
2.307517 1.204128 0.011636
-0.894171 -3.608144 -2.327332
-4.238202 -4.967594 -2.059116
-0.586920 0.963178 0.935658
-0.848936 -2.667826 -1.649296
-1.198055 -3.592630 -2.200145
-0.935219 4.195240 3.458042
3.422998 -3.048220 -3.557273
1.199118 -1.624570 -1.657805
-3.137622 3.701493 3.931628
3.401565 3.551796 1.330874
-2.510898 0.274830 1.159336
-1.681704 -2.482169 -1.194912
2.327631 0.967178 -0.171221
2.462479 -4.445258 -4.224471
2.576202 -0.230004 -1.151060
1.758870 -3.317969 -3.123036
1.161852 2.520668 1.421333
-3.285563 -4.425068 -2.020735
-1.516155 0.865501 1.217282
-2.092894 2.285790 2.487047
2.272871 1.971887 0.592503
1.481030 0.695869 -0.049446
3.923668 -2.319852 -3.209376
4.071299 -4.213954 -4.666073
-3.618359 2.472864 3.206252
4.337841 -1.129257 -2.486776
-2.252306 -2.343862 -0.875368
1.388574 -4.924675 -4.170013
3.623316 -1.148948 -2.229250
-4.369933 1.199518 2.550947
3.621048 2.388937 0.387490
2.881549 -0.217100 -1.257792
-0.090396 4.595986 3.432648
0.357832 3.393450 2.372823
0.461487 3.264938 2.238332
0.679240 -2.265642 -1.933842
0.236826 -2.839730 -2.189849
3.430227 -0.839507 -1.926925
-0.159582 2.501526 1.910371
-0.053461 1.222059 0.923936
-0.025611 -0.715620 -0.519370
-4.907198 2.722083 3.881302
1.940518 1.481376 0.356381
2.797408 0.563834 -0.648337
-4.667572 3.427475 4.311614
-3.236648 3.953476 4.155650
0.816412 4.644901 3.123511
-1.263624 -4.273984 -2.678963
4.240887 4.094209 1.412321
4.119465 -0.297625 -1.788720
2.359147 -0.201295 -1.047179
2.436733 -2.404027 -2.705402
1.958975 0.866960 -0.104940
1.756466 -3.200606 -3.035344
-1.631514 -3.296995 -1.816498
3.021453 3.342875 1.321144
0.987385 3.114255 1.926660
1.064958 -2.072097 -1.937615
-0.404370 -1.137634 -0.687175
3.491737 -0.071941 -1.382818
-2.710160 -4.744911 -2.476333
-1.118465 3.106252 2.722634
4.899990 2.617911 0.069781
3.832268 4.140878 1.602427
1.712120 2.951733 1.530521
-1.156747 -0.928733 -0.246216
-2.249561 -3.720014 -1.893927
1.667239 4.709414 2.847222
2.146946 -1.576295 -1.983036
-3.491192 -4.484569 -1.986427
0.126711 4.530261 3.301379
3.858307 -3.885904 -4.342410
2.644515 -0.076736 -1.063748
-0.958000 -2.759854 -1.675810
3.785630 -2.466263 -3.265068
2.168204 -3.924530 -3.727393
-2.211174 -3.950261 -2.078786
4.181722 -2.311184 -3.301232
3.667650 3.013990 0.831902
-3.170306 0.379770 1.488025
0.965723 0.672947 0.129831
4.451036 3.716161 1.052774
1.952932 1.118276 0.083181
3.425575 -0.900122 -1.969973
4.541981 4.934383 1.918884
-0.384691 -0.331308 -0.098479
4.464644 -1.526384 -2.828693
0.782788 2.109159 1.261412
3.396880 4.824787 2.273895
4.349305 2.182510 -0.042454
-2.641476 1.517509 2.127884
3.257981 0.147350 -1.131663
2.567248 2.439703 0.826304
2.836167 1.234899 -0.166918
0.453693 4.665861 3.277128
-3.385332 -3.580585 -1.358342
0.338808 -3.934296 -3.037994
-4.864423 -2.708260 -0.150128
2.183980 3.561152 1.801439
1.391618 1.725961 0.746242
3.495536 -3.993073 -4.283510
-3.605347 2.960179 3.561614
-0.519457 2.177441 1.807783
0.069338 -2.122576 -1.595815
2.002228 -0.581357 -1.192282
-4.940066 4.360752 5.105433
-4.063848 3.317915 4.000713
-0.491898 3.503401 2.777690
0.757618 -2.655731 -2.252116
-0.261701 -3.788690 -2.701666
-2.989870 1.352967 2.138889
-2.369274 2.348937 2.638981
2.418672 -2.233697 -2.572584
4.640677 -0.397348 -2.060928
-3.672545 1.032295 2.161744
-3.671387 4.822991 4.964105
2.039223 -2.276734 -2.459914
2.783170 -3.480234 -3.633059
4.900706 -2.147492 -3.453983
-0.602810 1.902934 1.636556
2.271151 -0.542876 -1.266233
1.263686 3.207303 1.890246
-2.224961 -4.228212 -2.279050
1.710704 3.532657 1.960589
-1.883943 -3.550997 -1.908182
4.743967 0.126187 -1.713163
2.801970 -2.625308 -3.008094
-2.524876 0.220642 1.124593
0.140995 -2.884198 -2.186237
4.823294 1.468450 -0.750914
3.148097 -3.848093 -4.044011
1.291441 0.187320 -0.353268
-1.124827 -0.925389 -0.255899
1.707086 -1.224121 -1.555148
1.927118 -3.895724 -3.614291
-4.321187 -0.801731 1.052681
0.561400 1.942499 1.222488
-2.594428 3.336439 3.454867
2.714287 4.116276 2.009955
1.869095 -4.169656 -3.794738
-4.434721 1.613062 2.881388
0.956531 3.367249 2.125471
3.987755 3.431656 1.018827
-1.412108 -0.871250 -0.106474
-4.452542 -1.588814 0.520739
-4.402800 3.695555 4.409007
-0.436907 1.888641 1.562813
-1.117126 3.438265 2.967611
-4.036749 -4.410040 -1.723578
-2.785856 2.890370 3.197942
-3.305764 -2.107044 -0.299119
-2.911361 2.255636 2.776417
4.835455 -0.505788 -2.215277
0.592075 2.549742 1.659797
-1.389512 -2.538830 -1.348070
3.380087 -0.824233 -1.896539
4.074233 -0.663382 -2.041933
-2.456984 3.061987 3.199602
-2.231726 1.130908 1.686005
-2.809263 -1.684268 -0.175587
4.542094 -2.212063 -3.365169
-2.988714 -0.894814 0.476462
4.676578 0.894161 -1.119669
-2.456549 -4.360170 -2.288433
1.484121 -0.242405 -0.744373
3.530200 3.178357 1.005774
2.650552 -4.381161 -4.248695
0.433993 2.486007 1.672867
0.113050 -3.973932 -2.981334
0.035749 3.723538 2.739534
-1.512762 -1.584164 -0.595268
-2.100695 -2.438529 -1.003096
2.752454 0.442321 -0.721064
-4.376542 -4.479272 -1.645377
-3.426771 -2.185804 -0.311275
-1.163540 -3.884677 -2.429225
0.602133 0.847746 0.397528
0.220509 0.278711 0.122108
-3.258093 2.763961 3.284300
0.918541 3.226029 2.035520
-2.478444 -0.551259 0.536176
1.404386 -4.827893 -4.104474
0.067579 -3.161621 -2.363405
2.658114 -4.819370 -4.575583
-2.135553 -2.306137 -0.891933
3.904168 1.351686 -0.487253
1.109699 -3.196527 -2.786045
3.913157 -1.137847 -2.331411
2.245794 4.536615 2.499148
-0.617118 3.819023 3.058741
-2.649189 3.219341 3.389139
4.934346 2.952944 0.304418
-0.932912 0.154855 0.469744
-1.768345 0.808995 1.271534
-2.081184 4.150196 3.861112
-0.964976 0.440372 0.693062
-1.401063 -4.560591 -2.838542
0.612479 3.666516 2.477758
-2.722211 -1.729407 -0.242110
3.847146 0.142236 -1.359794
0.964457 2.751314 1.667036
-3.506078 -2.925844 -0.828253
4.554786 -4.592922 -5.130386
0.936310 1.800580 0.974792
4.943694 -4.680809 -5.343462
0.619604 -2.705495 -2.236356
3.538533 0.553950 -0.937860
-4.752552 -2.394380 0.039353
-4.291195 -1.520897 0.509517
3.414616 -1.372379 -2.314981
-2.370701 -2.550361 -0.982968
4.067992 1.228236 -0.640913
-2.110951 -0.319529 0.567577
-0.105248 0.166837 0.163435
2.951065 -1.258102 -2.053970
-4.690927 -1.084478 0.984414
-3.506789 -3.197005 -1.028477
0.989678 -3.952002 -3.298932
-2.789927 -3.074013 -1.210513
2.848578 -2.846233 -3.189192
-2.754821 -1.531818 -0.083597
-0.551729 -4.216289 -2.907388
4.022131 -0.304280 -1.756577
-1.610668 4.730936 4.111336
3.174823 -3.196053 -3.572076
-1.641443 -4.195878 -2.477342
-0.746414 -2.573451 -1.618556
2.032358 2.142635 0.810337
2.107021 -3.072890 -3.074400
-2.690528 0.058085 1.067479
0.669008 -2.381455 -2.015577
3.973607 2.162220 0.085606
-0.578460 -0.036715 0.193126
3.210217 1.631613 -0.016026
1.889272 1.058796 0.063443
3.785380 4.134451 1.615530
4.526977 -1.766349 -3.029857
4.918162 3.549109 0.751379
2.929370 -1.692506 -2.366903
3.280045 1.104193 -0.432585
0.111441 -3.361398 -2.527820
1.908316 4.365028 2.500787
-0.934849 -1.059326 -0.427272
1.507663 -3.827828 -3.404364
0.867785 3.817135 2.491906
1.230257 -3.463207 -3.029133
-3.564320 0.203864 1.507999
3.699012 0.857220 -0.774734
-4.832851 1.909230 3.251976
-2.511167 2.056421 2.476729
-2.031975 -3.725787 -1.981050
1.190872 -2.504997 -2.305645
-0.492136 1.109034 1.007410
-3.955889 -2.562766 -0.388513
4.416528 4.324156 1.515460
3.541428 -0.472030 -1.697562
-4.037242 0.449744 1.869885
-1.107003 0.027909 0.442174
4.390418 -4.599340 -5.072541
1.200081 0.258202 -0.266069
4.217795 -2.569662 -3.506084
1.794995 -4.346524 -3.897296
2.634202 0.494007 -0.637819
1.510696 2.801351 1.496030
-2.596763 3.999529 3.946038
-0.142227 0.371262 0.328667
-4.726258 -3.951355 -1.121872
2.866265 -0.218394 -1.252929
2.157679 3.910376 2.069666
2.218840 1.574208 0.319037
3.234533 0.760268 -0.669549
-3.897823 4.197291 4.587694
-3.789988 -0.004825 1.439629
-0.774800 -4.399571 -2.957961
0.395835 -4.574719 -3.533232
0.858632 -0.386370 -0.612638
-2.144381 -2.346373 -0.918322
0.267106 -4.510178 -3.436492
3.147634 -3.222198 -3.581055
3.291173 -4.449128 -4.542893
-4.222669 -1.851054 0.239307
0.922134 -3.948927 -3.270939
-0.802409 -1.211601 -0.590295
0.832679 -3.644730 -3.011954
-2.301225 -1.948481 -0.564400
2.929478 -4.066692 -4.122393
3.811787 4.031655 1.529468
-4.869401 -4.978201 -1.826604
-0.973170 -0.644201 -0.105741
-4.377772 4.422665 4.937094
-0.218920 1.480860 1.178296
-0.963705 2.636700 2.316520
4.134487 4.303401 1.607513
3.126522 2.282121 0.496824
-3.918797 1.417695 2.540475
2.832993 -3.141466 -3.401550
4.566641 -1.244873 -2.659386
-2.090394 -1.235769 -0.117710
2.543526 3.742285 1.798454
0.119502 -4.757698 -3.563300
-3.206196 -1.951020 -0.221671
-3.824390 -4.394409 -1.792886
-2.919365 -3.693792 -1.619482
-4.372611 1.107465 2.483903
0.662007 -3.750383 -3.025083
0.530130 -4.556913 -3.571205
2.730477 4.566426 2.336626
3.079787 1.864964 0.206178
3.869827 1.206309 -0.581666
-0.852915 4.951030 3.985525
-2.375997 -3.019922 -1.328140
-3.190437 -2.809356 -0.862317
0.735205 -0.280831 -0.487604
0.954875 -1.721269 -1.636298
-1.538546 -3.925623 -2.316701
-1.478967 0.255258 0.751914
-0.876643 -0.303357 0.109519
0.860848 1.203992 0.562415
1.002851 1.488238 0.718510
-2.688543 -3.335142 -1.442195
2.737855 2.841587 1.058488
-2.892054 0.468332 1.447551
2.408012 -4.812267 -4.475094
-2.666704 1.277839 1.960281
1.394041 1.480381 0.563739
1.228869 4.018045 2.502959
3.460459 3.038432 0.928871
-3.791311 -0.804336 0.848983
-2.242399 2.163564 2.453605
2.474396 1.219056 -0.040872
3.237941 -4.004571 -4.193922
-3.525687 -2.638702 -0.608477
0.692072 2.335162 1.463060
3.565290 -3.305078 -3.801375
-1.176601 -4.123254 -2.600653
-1.640220 -3.438746 -1.917992
3.718333 0.467726 -1.070079
2.029586 1.126346 0.059959
0.655459 4.362881 2.976278
-2.595815 -2.950500 -1.193105
0.843262 3.633054 2.365136
-3.932455 -0.696278 0.982626
1.671486 -2.723766 -2.650414
3.499386 4.429087 1.942285
4.439798 0.973782 -0.970634
0.648143 2.677739 1.733086
1.969211 2.122456 0.819463
-4.960963 -2.338717 0.159870
-0.542382 3.604327 2.871538
-0.643795 3.281017 2.671103
4.481073 2.715985 0.301816
4.842271 3.199407 0.521712
-1.816289 1.871857 2.075660
-0.674248 3.839170 3.095392
1.234738 1.729937 0.808920
-4.111330 -2.921999 -0.594936
0.362991 -3.043785 -2.388768
1.381722 -2.965523 -2.718827
-0.767551 -0.118892 0.204370
-3.536436 -1.327753 0.364919
-4.145110 2.111706 3.139799
-3.650014 2.824101 3.478008
-0.765838 -3.610977 -2.378295
-4.514616 3.691780 4.448794
4.993350 -0.158412 -2.018555
1.972797 4.474424 2.557119
-2.442426 1.815068 2.272099
2.673830 0.741285 -0.470074
-1.313076 -3.000418 -1.718470
-0.419545 4.921662 3.798787
3.729519 0.469126 -1.073304
-3.000337 -0.907490 0.471515
2.425341 3.381385 1.576612
1.126987 -3.342211 -2.900345
-1.737507 2.590551 2.577056
0.330036 -0.882617 -0.778273
-0.297743 1.680022 1.355570
-3.058516 3.936419 4.075207
3.069045 -2.573132 -3.071216
2.628199 3.062395 1.263508
2.268456 -0.399005 -1.158830
2.536819 4.826030 2.602318
-3.583937 0.210649 1.520486
0.567316 0.102987 -0.139881
2.210231 -4.852229 -4.429328
0.024650 0.939751 0.685456
0.616897 2.024313 1.261847
-4.967739 -1.957763 0.444125
0.405698 1.159248 0.702650
-0.299973 3.668191 2.826451
-1.250202 -4.969937 -3.198655
-2.214425 3.452055 3.395650
1.710085 -0.272941 -0.852996
2.388474 -0.220870 -1.072821
2.153927 0.016673 -0.807870
-2.158475 -0.577617 0.394846
4.617668 -4.621656 -5.175577
-0.751586 -3.966269 -2.646422
0.588993 4.815729 3.336418
1.136718 -2.200775 -2.060085
4.963500 -3.838632 -4.728307
3.738975 0.580397 -0.994632
3.185681 3.771236 1.575333
3.622634 -1.408621 -2.420990
-0.069516 -1.677339 -1.213736
-2.740430 3.680282 3.764697
-1.647276 0.045145 0.660649
2.132337 -4.937191 -4.462486
4.772204 -0.479189 -2.171524
-0.158061 1.926131 1.484350
4.537484 2.683464 0.256289
-3.651486 4.155152 4.462734
3.061808 0.596927 -0.724550
-4.811117 -1.349198 0.834450
0.412657 1.325602 0.823000
1.450026 0.376157 -0.274031
2.486970 0.189001 -0.807272
-4.043446 0.672651 2.037063
-1.039763 4.579188 3.781739
4.264030 3.890721 1.253052
-2.098150 -3.476400 -1.771457
2.571003 1.254574 -0.051398
1.568745 -0.296660 -0.816712
1.317383 1.340948 0.489835
4.224152 -3.840679 -4.448282
-1.732921 3.761636 3.441198
3.842786 -0.384407 -1.747529
2.916788 1.904594 0.297549
-4.787480 3.105671 4.119335
-4.444605 0.625177 2.154719
-0.568728 2.005421 1.699355
-3.998666 -3.081758 -0.755961
-2.805577 -3.042112 -1.180966
2.590893 1.154660 -0.132847
-3.462924 1.854922 2.690164
0.045381 -0.561074 -0.432133
3.378522 -2.383616 -3.048936
-4.306500 -0.052733 1.600890
2.319725 2.010883 0.603494
-3.711785 1.543876 2.554944
3.170204 -0.444706 -1.535999
0.305512 2.012990 1.372048
4.170886 -1.777700 -2.902654
-1.082417 4.383406 3.653222
-3.672030 -0.527021 1.008605
0.008583 0.759243 0.558108
-3.521600 1.009917 2.087719
2.677485 -1.327177 -2.000866
2.967805 0.268378 -0.931680
4.827483 4.504881 1.492598
-2.876700 -0.127136 1.001421
-1.056193 -4.498178 -2.923718
2.489248 -0.362693 -1.216057
0.449089 -0.191028 -0.312253
-3.351811 1.737303 2.560887
-3.647152 4.818393 4.951478
-3.707403 1.658360 2.637924
1.831383 -4.536517 -4.051631
4.880660 -4.251034 -5.001687
4.846890 -3.791370 -4.648957
0.221945 -0.144527 -0.191377
1.967873 1.700345 0.507868
-4.134610 -0.354642 1.312207
-4.626832 3.833195 4.596086
4.913735 -4.799349 -5.419701
3.338076 -2.962965 -3.461899
0.073514 -2.718117 -2.037742
-2.461143 -2.437238 -0.864886
1.919190 2.987945 1.478445
2.371734 3.567379 1.734547
-0.274751 3.724583 2.858542
3.385773 1.017846 -0.536690
0.382943 0.217156 0.014741
1.481329 0.263603 -0.369173
0.966122 1.328219 0.614180
1.472233 -3.811933 -3.379119
-3.816308 -1.559894 0.299849
2.888413 -2.950918 -3.281764
3.085464 3.261581 1.236661
-4.117724 2.999199 3.785573
3.462232 4.220352 1.802096
-4.963766 -1.464254 0.807507
-3.497765 -2.424909 -0.461033
1.098509 3.421424 2.111464
-4.436964 -1.529757 0.558473
1.988803 0.288285 -0.544165
-2.805174 0.374576 1.345145
-3.693869 2.577769 3.312572
-4.408268 2.787460 3.739653
-2.158629 1.557854 1.973850
-0.884321 4.313604 3.526178
2.745921 0.299370 -0.824273
-2.246290 0.634334 1.324389
2.348452 -4.160827 -3.970745
-1.104085 3.230728 2.809195
3.838372 -2.641854 -3.414981
2.451080 3.874606 1.931494
0.893893 3.953315 2.582654
-3.550303 -3.007599 -0.871862
2.374739 -2.987266 -3.113036
0.462644 -0.636457 -0.646761
2.301019 2.657470 1.088697
4.738119 3.607150 0.862853
0.235238 -4.670150 -3.542639
1.394610 3.076610 1.743758
1.887704 -4.489711 -4.038470
2.390214 -0.366375 -1.181068
0.809660 -4.856077 -3.898846
-4.732041 -1.841888 0.440049
-4.016903 -0.836127 0.911380
-3.611160 4.821469 4.940047
1.522020 3.839920 2.259626
3.696075 -2.584087 -3.318084
2.793235 -4.854228 -4.652809
-0.591686 0.167975 0.349508
-2.841494 4.870958 4.683556
4.531518 4.459525 1.571763
2.528428 4.269637 2.194122
3.066675 -2.236333 -2.821287
4.599487 -0.538715 -2.149768
-4.159724 1.487191 2.683603
-0.028426 3.230490 2.399416
-3.879184 -4.218766 -1.642152
3.374414 -3.611225 -3.955053
-1.060655 4.357510 3.625788
0.552648 0.328185 0.032213
4.178979 -2.925332 -3.754283
-0.831895 2.875055 2.442565
-0.509420 -3.038659 -2.052772
3.020827 3.898894 1.732497
2.129315 -4.820667 -4.375179
3.769853 1.660833 -0.207526
4.638858 1.298281 -0.806504
0.930469 2.705533 1.646129
4.061948 0.529956 -1.154912
-2.833182 4.902224 4.703508
-2.982853 2.138392 2.716952
3.132714 -1.862037 -2.569683
2.919626 1.507128 0.002585
-0.473262 -3.141028 -2.142231
0.864638 -4.920614 -3.967500
2.187157 0.043617 -0.800601
-2.845946 -3.644738 -1.611169
-2.081328 1.644634 2.008579
-1.683397 -4.060501 -2.361270
0.543529 -4.554082 -3.574214
-3.881168 -0.686619 0.970238
2.106751 -4.242310 -3.938955
-4.388338 -1.962780 0.219784
3.463223 4.673610 2.136853
3.567177 -4.369958 -4.589455
4.575834 -4.415676 -5.007347
2.768434 2.708548 0.948476
-1.277713 0.688060 0.995288
-0.784325 3.249025 2.700961
2.547032 -4.919687 -4.607456
3.328411 -0.265811 -1.463970
0.123931 -4.517535 -3.387412
1.089451 3.042603 1.834816
2.127099 4.406054 2.447810
3.982102 -2.329372 -3.238667
4.851973 -4.899065 -5.469912
1.984009 1.958724 0.692766
-4.141375 2.595671 3.496215
4.995944 4.321849 1.293117
2.269281 3.563121 1.770412
4.951890 1.845115 -0.521380
4.147444 2.720325 0.432068
-0.446338 -2.130268 -1.405137
-1.591615 3.769338 3.393085
-3.881243 -4.044583 -1.512578
3.849651 4.447168 1.822276
0.689606 -1.026418 -1.021520
4.929633 -3.220943 -4.258697
-2.983815 2.056733 2.656940
-3.814888 -4.001712 -1.506148
4.727360 -3.962916 -4.730281
-3.900778 1.711369 2.750754
2.995808 -3.042152 -3.390116
-0.692959 2.991752 2.475945
-3.720304 -3.423678 -1.114772
1.554872 -3.768413 -3.378410
3.421436 0.702317 -0.783569
3.951911 -2.024901 -3.002048
3.572049 -2.639704 -3.311978
-3.255563 4.690806 4.708027
-1.684287 -4.405912 -2.616325
4.137974 4.005319 1.385786
-0.432330 4.067607 3.172176
-4.215623 1.583855 2.776362
1.124340 -3.030512 -2.668870
2.582143 0.851700 -0.353520
-1.993427 3.681365 3.481045
-2.436930 -3.997619 -2.027836
-4.360788 1.870110 3.043294
3.994133 -3.081091 -3.799061
3.446432 0.549005 -0.906445
-1.849505 1.867868 2.085359
-3.748678 -2.897593 -0.714985
4.842967 4.823370 1.722189
-0.537297 -3.412597 -2.318641
4.514176 2.778416 0.335371
-2.818509 3.652150 3.773629
1.783735 1.749161 0.614080
2.719758 2.568112 0.863174
-1.666984 -1.155902 -0.219889
4.537600 -4.084842 -4.748172
4.695798 -2.455827 -3.603936
4.596523 -2.741132 -3.777084
-1.453446 -4.764264 -2.969189
4.128978 -2.459314 -3.390673
-2.845356 2.575410 2.987721
3.089691 0.305140 -0.950912
-0.556721 4.341013 3.421697
2.407546 -0.713755 -1.444517
4.164384 -3.129751 -3.899870
0.873649 3.678560 2.387212
4.648665 3.055140 0.488766
2.330710 1.432400 0.171587
-0.195699 0.050468 0.111836
-0.999489 3.137317 2.700298
3.894565 -1.461889 -2.563925
4.052475 3.590364 1.111529
1.082284 3.648999 2.285908
-4.150768 4.628838 5.003095
3.884734 4.978210 2.201563
-2.830476 -3.960621 -1.850621
2.553620 -4.740785 -4.477687
1.344518 -3.003101 -2.732445
4.600228 -1.247935 -2.674440
1.283144 3.764612 2.294905
0.622314 -2.843207 -2.339211
2.443172 0.270979 -0.729981
-4.788067 -0.226118 1.656067
-3.296622 0.016234 1.267330
4.824349 0.703890 -1.316624
-1.846449 3.718914 3.452841
4.242001 -2.793973 -3.681156
2.309278 0.324285 -0.639581
-4.144975 3.158509 3.913743
-0.046877 4.739760 3.522381
3.136720 2.122647 0.375026
-4.220862 0.690340 2.117700
2.381862 2.123657 0.663217
2.687239 1.982090 0.442259
-4.124278 -1.029617 0.809203
0.746702 1.498035 0.823294
1.127177 -1.810126 -1.767609
-3.230986 1.339110 2.220458
2.963756 -1.527608 -2.258072
-3.644656 2.788105 3.449352
4.176282 -0.491105 -1.953412
1.507019 3.418283 1.953583
1.714922 -1.183703 -1.528246
-1.257432 2.569947 2.379013
-3.025193 3.695690 3.884526
2.309707 -4.888474 -4.494006
0.818337 3.088845 1.972245
0.801866 -1.799801 -1.636099
0.212502 -1.510895 -1.198060
-4.817711 1.088224 2.639167
2.459488 0.928991 -0.249666
-2.413741 -1.413335 -0.125873
4.118865 -0.644727 -2.045135
4.925775 2.082621 -0.335826
2.827666 -3.718881 -3.826456
-0.129275 2.003948 1.530926
0.790014 -3.622256 -2.979091
0.422230 -2.495064 -2.005607
0.194042 4.164798 3.005521
-4.925117 2.168848 3.479069
2.860488 2.384590 0.673891
2.280374 -1.321175 -1.845212
0.473435 -1.917760 -1.598253
1.879024 -4.314063 -3.905292
1.571345 2.061313 0.925759
1.774161 -0.969167 -1.392178
-2.009696 4.360420 3.989327
2.617498 -2.890831 -3.134173
-1.284307 2.543273 2.369524
4.191790 -3.456641 -4.152006
3.824392 -0.937485 -2.149464
3.547306 -0.385593 -1.635889
0.440260 -1.030464 -0.929562
2.119343 -4.365699 -4.034983
-1.865666 2.194226 2.332819
2.803149 -4.005177 -4.028805
-0.421184 0.083523 0.222140
-0.326352 -4.947749 -3.534044
3.165764 -3.447329 -3.754418
-4.261812 -0.262891 1.428484
3.613984 2.512348 0.481429
3.767942 -3.395712 -3.945557
1.872768 1.385440 0.311246
-1.286543 -4.411539 -2.771943
-1.071287 -2.094753 -1.140902
-2.868181 -2.246895 -0.569151
1.967762 -4.320874 -3.944119
2.367512 -2.591978 -2.818012
-0.351338 -0.513145 -0.245628
-1.957677 2.782996 2.803187
-3.318919 -4.154527 -1.807998
3.777819 1.259897 -0.507008
0.928996 -1.548533 -1.498724
1.312147 -0.905240 -1.168981
0.004138 2.050335 1.514421
3.831868 -1.381878 -2.480891
-0.437317 2.599810 2.088800
0.222410 -3.564549 -2.720284
-1.014750 3.935867 3.296549
-2.976088 2.913963 3.287826
-3.158886 -0.844269 0.578634
-4.332931 3.808876 4.466190
-0.165143 3.034581 2.306624
-3.783102 4.483519 4.755643
-2.478565 -0.740778 0.396093
2.266515 -0.797484 -1.452722
0.104694 1.044334 0.732303
-4.537587 -3.966310 -1.204773
4.495801 1.774560 -0.399872
0.128450 -0.500062 -0.418653
-1.175105 -1.039682 -0.321260
3.118060 3.387578 1.317409
-3.439872 -1.659530 0.082835
4.823029 0.545378 -1.433323
-2.723664 -3.153059 -1.294192
-1.540659 -0.882550 -0.065878
1.002672 -0.873590 -1.027733
-2.073674 -4.162472 -2.288052
-2.839010 -0.856775 0.447581
-4.678953 -0.317574 1.546896
3.402446 2.587562 0.617593
3.884942 -1.492860 -2.583160
-1.368104 4.347355 3.735354
-0.459169 -1.872303 -1.209514
1.121915 4.669281 3.025203
2.627635 4.946810 2.657040
-1.370401 0.745695 1.073197
3.334388 0.189727 -1.129426
4.086165 3.157417 0.778584
-4.264895 -3.637499 -1.065493
-4.995642 -0.805554 1.306682
0.479951 1.007029 0.561826
3.320856 3.406278 1.254013
1.844557 -4.518154 -4.043070
-2.450498 2.165604 2.534356
0.164272 -4.048051 -3.055642
-0.246834 -0.950786 -0.609009
-0.540911 3.385062 2.708855
-1.603431 3.999920 3.568074
-3.487241 4.518484 4.668835
3.669201 4.140394 1.664164
4.465295 -2.701201 -3.697589
-0.113911 2.799683 2.113434
2.488527 -1.027747 -1.707516
0.957100 3.223632 2.019065
0.334755 0.961457 0.583420
-2.581922 -4.185294 -2.111390
-3.031514 -4.261066 -1.996214
4.220984 3.813044 1.212010
-3.779219 -3.229514 -0.948774
0.978648 1.385053 0.651433
-2.277565 -4.268186 -2.288576
-4.565733 2.181524 3.351591
4.116876 -1.169163 -2.432140
1.181444 -4.370366 -3.681289
-1.650679 -0.149356 0.518133
4.770028 -2.185384 -3.432239
2.149444 -0.343884 -1.072755
-4.385702 -0.362030 1.402359
3.628370 1.571398 -0.219778
-2.138398 -1.036876 0.047629
-2.467145 0.279680 1.146261
-0.222170 -0.498659 -0.284103
1.018614 -1.001186 -1.128147
-1.685615 2.239394 2.297654
0.769301 4.293032 2.881282
-1.375553 3.491736 3.105554
-4.975154 -0.941285 1.198521
0.673260 4.141721 2.805976
2.889551 -3.145296 -3.425918
4.771355 -3.761127 -4.597834
1.705348 4.541383 2.708471
-0.946512 -1.145208 -0.486331
-0.802501 -0.332214 0.059950
3.492762 -2.174131 -2.937546
-3.760816 -3.645636 -1.263459
1.788993 -1.227961 -1.589176
1.634044 -3.433177 -3.160687
3.273380 -2.347342 -2.982078
0.565637 -3.412235 -2.738362
4.892052 -3.665062 -4.572764
-4.119203 -1.483500 0.471674
4.826674 -4.094357 -4.865285
2.575214 0.499933 -0.610975
-4.952635 0.464766 2.229566
2.354637 4.818720 2.666287
1.703638 -0.940015 -1.343769
4.360103 -4.242874 -4.797430
2.914777 -1.442397 -2.176418
0.424913 1.407539 0.878917
1.383471 1.664097 0.703602
2.761903 -1.827536 -2.402972
-4.563864 -0.604053 1.291251
-0.260713 3.709517 2.842057
2.048605 -4.695075 -4.251584
-4.702718 1.940657 3.225659
-3.360137 -3.821921 -1.546377
-4.542843 -3.533464 -0.882730
-2.916277 3.032371 3.352600
1.966469 -2.868913 -2.870061
-1.502863 -0.678894 0.070311
-3.050192 -4.799225 -2.387011
3.381091 -3.690089 -4.015907
-4.042099 1.295868 2.497350
-0.132486 1.382814 1.072888
-2.296593 -3.749015 -1.897460
-1.953089 -4.534690 -2.609184
-0.576551 -1.516953 -0.902074
-0.138743 4.162737 3.130718
-2.807436 -3.090138 -1.215768
4.467661 -2.510154 -3.557232
3.850519 -3.892476 -4.344304
-1.332075 4.307676 3.692296
-2.425940 0.751648 1.479539
2.340047 4.540529 2.466151
2.882735 -4.162817 -4.175667
-1.138364 4.832543 4.006614
-3.962042 -2.757273 -0.529986
-3.857546 -3.004141 -0.752310
3.538595 1.009967 -0.600709
3.378673 -3.757998 -4.065197
2.260952 -3.574416 -3.503840
-3.292688 -3.315598 -1.197691
-0.091369 1.568569 1.194577
-4.152862 2.101195 3.134978
3.478431 -4.685200 -4.788748
4.591041 2.328950 -0.026229
-3.577676 -1.741034 0.075047
1.636626 -1.003616 -1.365277
4.010614 -1.023328 -2.283848
-1.463087 1.893349 1.957055
-0.186145 2.398549 1.844346
1.725892 0.851813 -0.027383
4.641276 2.868346 0.353466
2.847672 3.179871 1.266795
-1.121687 1.226345 1.333876
4.421874 -3.860734 -4.538402
2.651928 -3.870814 -3.871874
-2.176332 -2.439441 -0.974968
2.697755 -1.329194 -2.010076
4.661754 1.176186 -0.905498
-1.014394 4.252795 3.530747
-1.494864 0.407930 0.870851
-2.488239 -4.858238 -2.644631
4.404314 -3.477625 -4.248448
-0.881566 -2.058773 -1.186543
3.415724 3.932290 1.606816
-4.660224 0.141616 1.879285
-0.215897 4.981052 3.765152
-1.990038 -2.368225 -0.993251
3.160924 1.888275 0.192518
3.858120 2.582797 0.440554
3.027541 1.510048 -0.036348
3.711984 -4.148792 -4.481068
4.070608 1.409739 -0.507707
-0.477986 3.732362 2.941684
-2.414075 3.507620 3.512759
2.985157 1.091062 -0.330003
-1.084450 -4.503082 -2.916584
1.232824 -1.680137 -1.711725
-2.980707 -4.648742 -2.302204
1.261090 -4.564984 -3.855516
4.283547 1.600866 -0.447476
0.576632 -0.932350 -0.908947
1.581918 3.586594 2.049510
1.699425 -0.257158 -0.837268
0.474869 0.557545 0.231417
-2.674361 -1.497590 -0.088928
-2.932407 -3.962377 -1.813106
-0.646382 -3.861799 -2.609239
2.447361 3.875633 1.933669
4.870562 -4.966713 -5.527009
2.383253 2.855719 1.203967
1.124348 -3.701197 -3.164771
3.352637 -2.642828 -3.230737
-0.381334 -4.628071 -3.276741
-2.291570 -4.120244 -2.173856
-4.193055 -3.008023 -0.627421
2.480622 1.383578 0.078403
1.059627 -0.937460 -1.096646
-0.029828 -2.240948 -1.645576
3.805382 -4.554959 -4.816950
3.316597 -3.868979 -4.123618
-1.052549 -4.615810 -3.012082
-2.831357 3.301069 3.518935
-3.477610 4.616005 4.737273
2.176702 -3.607047 -3.495885
4.649292 -0.440045 -2.095777
4.248671 0.773640 -1.045838
0.858758 2.601308 1.596373
3.130812 -4.522576 -4.536135
2.973237 -4.160758 -4.208608
-3.642820 3.780183 4.182185
-2.168781 3.837802 3.663487
0.163760 3.890846 2.814494
-2.099657 -4.866068 -2.798389
-3.350102 -3.294275 -1.160063
-4.421027 4.966495 5.355668
-2.163254 -0.473576 0.473592
-4.649315 0.005389 1.774406
-2.172506 -3.126925 -1.484744
-0.378606 -4.995804 -3.549678
-1.733972 -0.729315 0.121035
-0.435849 -2.485301 -1.671639
-4.955675 -4.577091 -1.497175
-4.883993 3.175138 4.207450
-4.099667 3.089244 3.845276
4.014379 -2.742487 -3.556411
1.869427 -3.154402 -3.044196
-3.904685 -2.966813 -0.706760
-4.263556 -1.004342 0.880927
-2.832881 -2.613658 -0.853775
0.701382 -2.253908 -1.933598
-2.647163 3.538128 3.624075
2.272516 -2.296479 -2.563349
-1.456483 -4.899990 -3.068387
-0.423404 3.164911 2.501332
-4.895794 2.842624 3.966087
-2.564404 -0.331644 0.731290
-4.642677 -2.520078 -0.095427
0.091265 -4.526670 -3.381727
-4.344941 0.991598 2.387695
3.562575 4.669439 2.095937
3.249110 0.432001 -0.917817
-3.484963 4.344425 4.539270
2.465189 -2.748519 -2.970951
-1.659917 4.632308 4.057165
-0.362177 4.041466 3.126134
-2.621600 1.990659 2.470158
2.579594 4.650916 2.456553
4.694181 -3.876889 -4.654039
4.750926 -0.729223 -2.348294
4.288022 4.855132 1.956992
-2.886599 -3.276382 -1.323331
-0.476512 -2.529275 -1.688669
-0.796460 4.614753 3.715388
-2.055945 -0.141401 0.678337
0.606351 -3.493370 -2.813857
-0.471962 -1.144539 -0.666541
1.938631 1.043074 0.033024
-1.800113 -0.596180 0.244659
3.294555 1.539970 -0.115901
-0.963873 -2.067622 -1.161744
0.581436 1.414527 0.824481
4.923037 -1.838970 -3.234369
1.065444 4.617218 3.008212
-0.715860 0.816370 0.876210
-1.112005 -1.427838 -0.632287
0.671502 1.001396 0.484720
0.295780 -4.805009 -3.665406
3.472121 4.499320 2.004597
4.809744 -3.583824 -4.481355
-0.642081 0.416095 0.552156
-2.077194 3.885956 3.664216
4.271557 4.861437 1.967924
-0.070969 -2.528556 -1.842565
-0.734744 -1.776414 -1.033678
4.011414 3.301384 0.913496
1.155964 -0.407150 -0.741225
-0.284089 1.079001 0.905981
2.753879 -4.218645 -4.167879
0.696219 -2.961980 -2.455173
1.597725 4.584214 2.781121
0.610182 -2.730772 -2.251458
0.585610 -4.094038 -3.250086
-2.535781 -0.942269 0.268900
-4.594718 -2.726037 -0.265973
0.473907 -0.236800 -0.355547
2.690059 3.396712 1.487143
-1.350843 1.961616 1.964789
3.258149 3.578188 1.404999
4.433059 -2.476594 -3.519242
-3.198226 3.444473 3.764668
-4.175210 2.957737 3.776808
-1.962677 0.540701 1.147160
-0.963262 -4.208798 -2.745141
1.322056 4.732957 2.996073
-2.170779 -2.080219 -0.711478
4.317170 3.439403 0.899117
0.189009 -0.097220 -0.143857
4.345365 2.653228 0.307091
3.960511 4.750647 2.004450
4.927192 -0.565582 -2.294420
-0.486153 2.617250 2.120292
-2.168870 3.163004 3.164582
-0.421134 -3.910721 -2.731183
1.741192 -0.988075 -1.393604
-1.387315 3.542965 3.147911
-2.543602 -0.562525 0.552657
1.500702 0.493721 -0.206403
4.978175 -4.462560 -5.195221
1.284923 1.300231 0.472090
-4.729603 4.114144 4.842951
4.220013 4.587567 1.785055
2.553547 -0.590978 -1.409333
-0.509653 1.898912 1.598108
-2.937750 -1.549142 -0.026749
1.649559 -3.010558 -2.854115
2.885276 -3.836594 -3.935429
4.606692 -4.283594 -4.921438
4.326410 -0.814442 -2.249652
-3.194315 1.067601 2.005743
3.197483 0.418370 -0.908237
-0.389433 -4.346118 -3.065183
4.855845 -3.888731 -4.724355
1.147602 4.834020 3.137228
-3.351291 -2.567475 -0.622221
1.134251 -3.080894 -2.709896
-3.453331 0.354264 1.576939
-3.493326 4.100216 4.361889
4.763286 0.997021 -1.076633
0.999128 -3.174464 -2.727627
4.447879 -2.351313 -3.432253
-1.185023 2.333155 2.176358
-1.187907 -1.578331 -0.714657
3.049560 -1.861497 -2.537620
2.607227 4.855246 2.597109
4.206104 0.804710 -1.006656
0.273616 -1.183329 -0.979132
1.458592 0.129461 -0.459698
-0.072060 -2.393806 -1.742516
-0.036519 1.576649 1.179665
0.038719 -3.902268 -2.900042
3.495756 1.585388 -0.158935
1.451995 -4.997571 -4.248062
0.685604 1.215281 0.637494
0.999450 -3.315267 -2.831858
3.040816 0.447329 -0.827168
-0.666580 -3.144206 -2.070967
-2.219517 3.145513 3.170935
0.277463 -4.169956 -3.188880
-3.715984 -2.115310 -0.149023
-4.314711 -4.509879 -1.691553
3.689400 0.958905 -0.695889
-0.693209 0.147992 0.373392
-3.911635 4.234731 4.620637
2.754186 1.051846 -0.271047
0.811381 -2.207095 -1.940871
2.149578 -0.692864 -1.330838
4.378294 -1.398427 -2.701202
-0.690435 0.063898 0.310158
4.816854 -4.690985 -5.302686
1.748631 2.857670 1.447068
0.756344 -3.917949 -3.184902
4.713464 3.536827 0.820246
4.227565 -0.009073 -1.616531
4.366871 -4.488419 -4.981561
2.875616 -4.947840 -4.753395
-3.998299 1.565017 2.679677
1.011065 0.308493 -0.156909
-3.286991 2.099430 2.803957
-0.456776 4.467195 3.476936
-1.848724 -4.645395 -2.730780
-2.739900 -4.699147 -2.431170
-0.338259 -3.361606 -2.356732
-1.097574 3.971306 3.354291
1.702292 -1.280720 -1.595170
4.280322 -1.549077 -2.775284
-3.423049 0.036666 1.330580
-0.467025 -3.709585 -2.564991
-1.426507 -1.239461 -0.373243
1.281342 -2.059636 -2.010799
-0.727880 -0.843042 -0.346166
-2.007477 0.273822 0.966892
-4.278025 4.003588 4.589250
-4.417685 -2.565017 -0.214329
1.103018 0.125539 -0.327198
-3.097822 4.254294 4.325208
0.480143 -0.837722 -0.802238
4.555147 -4.858116 -5.326605
0.800672 -1.542426 -1.445344
4.113191 -2.497035 -3.412553
2.176854 3.393512 1.680201
0.953888 3.753805 2.412293
-1.569822 -4.513137 -2.739193
-4.955780 2.003671 3.368615
-0.752598 1.325562 1.266690
4.944034 3.519522 0.719651
-4.517480 -2.063442 0.194531
-1.206656 -3.795506 -2.346874
-3.059854 -0.624342 0.703536
-1.360522 3.043163 2.768160
4.501197 0.541656 -1.313524
2.297457 -0.018660 -0.888650
4.703934 1.852604 -0.421423
0.123225 0.504607 0.326178
-4.689822 -0.763584 1.221260
3.007571 2.487032 0.693628
-2.370072 -1.038541 0.134618
1.240837 1.060106 0.311331
-0.551678 1.285057 1.160233
-1.936223 3.695724 3.469880
-2.389382 -1.992189 -0.563147
2.215246 -1.906862 -2.253462
0.944369 -3.991410 -3.310817
-0.702367 2.884514 2.400237
0.384248 2.937110 2.025351
0.927678 -0.114555 -0.437953
-1.521234 -1.774865 -0.733044
4.866786 -1.817300 -3.196926
-4.922261 -0.009990 1.866971
3.687307 -4.612083 -4.814225
4.226426 1.694879 -0.356212
2.874949 -3.143646 -3.419138
-4.343662 -0.884215 1.000252
2.916460 0.104660 -1.033179
-4.599158 -4.019763 -1.220851
-1.199616 -1.988540 -1.013502
-1.011952 -3.984369 -2.560660
1.104599 4.932416 3.226357
-2.975780 -4.597769 -2.266392
2.816931 2.408469 0.708133
3.339341 -1.255391 -2.199818
-2.706086 -3.181892 -1.322204
1.969744 -2.839301 -2.849413
0.000808 2.047483 1.513581
2.150710 -1.311885 -1.788967
2.435400 1.377136 0.090860
-4.617006 0.310348 1.987587
3.233489 -3.960668 -4.159765
4.426134 1.149949 -0.835175
1.143993 4.826976 3.133395
2.130186 4.944377 2.844665
-2.161564 -3.881767 -2.047033
-4.039992 3.943035 4.453837
-3.949350 -2.015772 0.013439
4.345266 3.867581 1.205008
-4.607304 2.684607 3.739396
-2.387811 -2.313390 -0.801238
4.502715 4.581933 1.673238
-0.152691 -0.496477 -0.308947
1.629416 -3.001981 -2.840103
3.191638 -0.935185 -1.906816
3.375154 3.574632 1.357816
4.375163 1.608644 -0.476612
4.613965 3.801297 1.053681
-2.241407 0.757957 1.413935
3.628273 4.888779 2.233097
0.702334 -3.533291 -2.879923
-3.992988 1.662342 2.749616
-4.590256 -2.942338 -0.427603
4.646570 4.755010 1.746431
-4.074757 -4.960734 -2.116283
2.439617 -1.462568 -2.010394
-2.274124 1.942332 2.302109
-1.880635 2.573185 2.618718
-3.554145 4.748781 4.864590
4.571204 4.637493 1.688239
-1.186404 2.946359 2.630281
3.212126 -1.811241 -2.562365
-0.444997 2.826090 2.259034
-3.009944 2.313596 2.856812
-1.415953 -4.381671 -2.700581
2.202375 4.286381 2.330661
-2.914962 3.209387 3.482983
0.948723 -2.505218 -2.213599
-4.732951 0.595292 2.242423
-2.750208 -3.807708 -1.768124
0.634558 4.689409 3.225667
-0.270276 3.360434 2.587591
1.631741 2.849089 1.485234
0.933620 3.077596 1.920029
2.597870 0.504824 -0.615986
2.715089 -3.588535 -3.687211
-1.548817 0.927215 1.275350
-0.399776 3.006185 2.374975
-1.246695 1.590280 1.650569
0.319781 2.337352 1.606445
2.208609 -2.477844 -2.673114
1.623734 4.293647 2.556375
-4.268458 -2.427543 -0.169507
-3.211572 -4.001409 -1.735661
3.167749 -0.961780 -1.917384
-2.809117 -1.197692 0.184127
-1.272371 1.920607 1.904587
-2.837258 -4.640631 -2.350831
-0.230303 3.096362 2.377117
3.436965 -2.632434 -3.255164
-1.398814 1.152054 1.384475
-1.220968 2.052369 1.982436
-2.920731 3.379256 3.610779
0.058554 0.832574 0.593300
-0.030464 -4.621665 -3.405612
-1.830073 -2.821855 -1.389574
-2.099509 4.793660 4.343861
-3.528208 -1.367967 0.332052
-2.633883 -1.739780 -0.283414
-0.369375 -4.466134 -3.161560
2.298440 1.821508 0.471577
-0.663826 -3.973931 -2.685505
-1.257885 1.498916 1.587276
-3.614562 3.511812 3.972994
-0.404723 4.822404 3.719752
-4.120622 3.196463 3.932532
0.974458 -0.341590 -0.623634
0.248832 3.053727 2.163142
-1.962334 -4.692614 -2.722431
-1.113698 3.007202 2.647582
-4.314279 2.056228 3.163197
-4.814653 -1.413788 0.788040
1.849889 -3.342861 -3.176101
2.218245 4.216006 2.272583
-0.082641 -3.151130 -2.298445
4.749872 -2.784201 -3.867323
3.670378 -0.913955 -2.073419
-1.758132 -2.587507 -1.243695
-4.415039 -0.372693 1.405646
-4.075695 0.180238 1.685258
-0.550289 -3.196317 -2.153779
-1.623298 -4.575831 -2.765185
1.462093 3.625534 2.123930
3.477896 4.499758 2.002722
3.932920 -2.635802 -3.446510
2.506960 4.618642 2.460347
4.420426 2.692307 0.307402
-1.795146 1.270315 1.622835
4.349445 -4.576901 -5.040348
0.486320 -0.733196 -0.727304
-2.728031 0.236192 1.213450
1.482604 -4.057653 -3.564752
4.322237 4.724472 1.847355
-1.645160 4.907198 4.254797
-0.648221 -0.720856 -0.286156
0.087436 3.801489 2.777488
1.082827 3.464138 2.149017
4.225658 -2.455080 -3.424358
2.089672 2.703554 1.203251
-2.955322 1.022592 1.881457
-4.932248 4.551638 5.243596
0.641233 4.488178 3.074337
2.243944 3.846087 1.989282
0.758492 1.593390 0.889309
4.269186 -3.755187 -4.402219
-4.139806 -3.458845 -0.981031
1.481004 2.342798 1.168287
-2.516499 0.803242 1.552171
2.067270 0.838341 -0.167339
0.710439 -3.580951 -2.918249
-4.882515 -4.202124 -1.247787
-4.779462 1.200313 2.707480
4.262013 4.446196 1.664533
3.745233 1.351685 -0.426732
2.149750 -4.210089 -3.931505
-2.625723 2.217502 2.639453
-4.658451 3.015510 4.003539
1.705680 2.585493 1.262178
1.861597 -2.535827 -2.583847
-0.821118 1.130783 1.148765
-1.291015 0.039076 0.520501
2.671938 -4.810010 -4.573926
-2.618126 -4.844561 -2.585058
0.993231 4.449144 2.911438
0.993781 -3.296329 -2.815697
-4.131808 1.111266 2.395018
-2.498454 -3.911269 -1.940563
-2.688421 -3.236440 -1.369263
-4.465073 -3.943188 -1.215291
3.115245 2.684677 0.798764
-3.153278 -4.510479 -2.134260
-0.097820 -2.811729 -2.041715
3.505032 -3.392140 -3.842802
4.773764 0.366629 -1.546729
-0.927968 -1.047354 -0.421040
-3.502588 2.781017 3.390014
3.991723 4.169350 1.562760
2.971007 -3.626403 -3.812662
4.324789 -1.035762 -2.412677
-4.177260 0.318570 1.826214
0.667909 -3.309067 -2.701025
-3.570164 3.169455 3.702953
-2.220337 -1.258585 -0.085099
4.933015 -1.685410 -3.124627
-0.201774 3.048259 2.330686
-4.000732 1.644948 2.739705
3.537781 0.901448 -0.680637
3.833219 2.042812 0.050776
2.509307 3.606983 1.711444
-2.590559 -3.418661 -1.541260
-2.440370 -1.093147 0.121011
4.362357 -3.448648 -4.211046
-1.923797 2.333364 2.457832
-2.075051 -2.599008 -1.131518
-3.702398 -1.252311 0.483897
2.719562 1.965511 0.417692
0.438622 4.149398 2.900999
0.134966 3.218286 2.328174
-2.109188 0.067981 0.853426
-3.467124 2.689038 3.308501
-1.883760 -2.467856 -1.107388
-0.666013 -3.345979 -2.220371
3.433591 -1.832794 -2.662633
3.696833 0.942899 -0.710554
-3.225811 -3.893726 -1.650619
2.524238 -0.666181 -1.453777
0.013127 1.886595 1.389931
0.885171 3.089330 1.947153
-0.780042 3.810120 3.114198
-4.509678 0.517560 2.099928
-2.442190 3.209884 3.303322
-2.516929 2.996432 3.173958
2.359281 2.618037 1.037355
1.214717 -4.749907 -3.974588
-2.313982 2.747593 2.912689
2.939131 0.802258 -0.526016
-4.720263 -2.726882 -0.218791
2.456279 3.713329 1.810267
0.440324 1.153112 0.684927
-0.343773 2.214514 1.768295
2.259386 -2.819535 -2.945092
-3.451667 -2.727487 -0.702310
4.067060 2.433504 0.250605
-4.638157 -1.712982 0.499611
1.243625 -4.147836 -3.540430
3.804579 3.801435 1.361990
4.062048 -3.712350 -4.291669
1.797866 1.421329 0.366303
3.905687 -1.987416 -2.956730
1.671422 -3.408295 -3.156523
-4.239823 -0.389446 1.326537
2.393963 -3.960086 -3.839649
1.883672 -0.149759 -0.828017
4.753243 -2.676004 -3.788607
-3.996647 -0.590530 1.085259
4.538510 3.262739 0.684209
1.589935 -3.913157 -3.498783
-4.464748 0.656995 2.185915
3.520347 -4.102905 -4.374167
3.944013 -0.236028 -1.676365
-3.250741 2.748592 3.270137
-1.434593 -4.188693 -2.550796
4.036242 -4.636727 -4.965318
2.232636 2.941929 1.325063
-1.624143 -1.095942 -0.191868
4.533634 -0.863966 -2.365179
3.514612 1.927597 0.086910
0.175948 0.398283 0.227487
-3.222161 -0.070809 1.174617
2.722280 -2.218808 -2.677187
4.338661 2.260790 0.019478
-3.956069 0.928596 2.193034
3.347633 -3.420817 -3.804070
-3.414409 1.867980 2.681345
-2.523723 -4.470396 -2.344353
-3.368048 -0.774464 0.709894
3.278195 0.197359 -1.102385
0.036843 2.314437 1.697242
0.560633 -2.730521 -2.232404
0.256366 3.936490 2.812979
1.173537 -0.209999 -0.602145
-1.927476 -0.311851 0.503388
-3.282402 3.248472 3.651800
-4.913568 -1.504564 0.758588
-1.822337 2.808711 2.770664
1.276628 -2.483676 -2.322535
0.069501 2.320559 1.689332
3.444920 -1.582866 -2.482153
3.899741 -4.969490 -5.159381
-4.714886 -3.623982 -0.884145
-4.439886 -3.082934 -0.588818
0.601555 3.838309 2.608940
2.114426 -4.361602 -4.030081
1.152747 -2.324942 -2.157995
-2.092123 -3.590887 -1.858402
-3.388452 4.081414 4.308052
1.199114 -0.315928 -0.690207
-1.230438 2.916711 2.625128
-2.067457 -1.144006 -0.058596
-3.587852 1.110206 2.187100
-3.335294 2.688776 3.258107
3.626530 1.734207 -0.098698
0.009334 2.071449 1.528054
-4.848660 -1.090924 1.039712
2.101959 -4.563546 -4.174649
0.285094 2.662073 1.859749
-2.646479 -4.113351 -2.033613
1.500383 4.467946 2.732221
-3.474953 -2.346871 -0.412019
-2.856996 -0.567077 0.668630
-0.937758 -1.245448 -0.563781
-1.485663 -4.738644 -2.937978
3.438624 2.283899 0.379292
3.178067 -3.628833 -3.893305
-3.860107 4.590215 4.863856
2.481373 -2.195401 -2.568145
2.278990 1.107903 -0.048649
4.538805 -2.711675 -3.733326
-1.820648 4.690146 4.161135
1.197400 -4.718688 -3.944911
-4.873400 -3.517506 -0.745057
2.943385 -2.519879 -2.983991
-2.630857 -0.556232 0.590536
-3.051933 -1.105810 0.344526
2.096897 -0.908929 -1.470534
3.327113 -3.840861 -4.106832
2.845623 -3.158550 -3.418991
-3.579506 1.284247 2.312606
4.125349 4.598561 1.829231
2.655414 -4.734758 -4.511993
4.188776 0.136788 -1.493912
-1.930160 1.467766 1.820241
-3.755309 -2.391354 -0.338152
3.756091 -0.575957 -1.856146
-2.701209 -0.046509 0.994210
-0.294645 -2.574609 -1.791442
1.435986 -2.351259 -2.285309
-0.094488 3.805129 2.849455
2.092508 1.853579 0.573707
-2.300681 -0.810595 0.276735
-4.055350 -3.973569 -1.393772
0.348544 3.790273 2.669767
-2.132119 1.769039 2.119903
0.074520 -3.006770 -2.251553
1.367600 -2.270065 -2.199234
-2.741528 0.556376 1.455331
2.866723 0.328312 -0.848874
-2.975857 4.111414 4.173120
2.936958 -4.219766 -4.238423
-1.464543 -4.764251 -2.964953
0.733725 3.240812 2.116827
-2.338859 -2.830289 -1.202069
-4.110447 2.566653 3.462982
-4.025160 2.982061 3.737654
-0.579769 -1.325841 -0.759542
-2.828533 0.364881 1.346872
-0.299410 2.520011 1.977284
-0.844846 2.568471 2.220812
-0.710951 4.229675 3.398103
4.561701 -4.343351 -4.948489
-3.040390 -3.179827 -1.193376
1.213026 4.826332 3.106632
2.148485 3.237168 1.575404
3.937746 0.085443 -1.436286
4.017402 -2.526797 -3.398083
0.321192 -0.248872 -0.306321
-4.285985 2.982333 3.837175
1.920839 -3.396432 -3.242728
0.548985 2.895679 1.931987
4.585629 4.969216 1.928019
-3.430162 -3.242904 -1.091593
0.334098 1.270428 0.812120
