Iteration	Cost	Gradient norm
Weight distance0	1.072114	19.124217	8.223279
1	6.497885	96.833355	8.223259
2	19.682353	1756.409125	8.223090
3	1.159747	3656.859449	8.222757
4	2.616656	3912.496603	8.222377
5	58.117300	24186.539774	8.221733
6	25.479118	55647.384975	8.220458
7	1.114468	49426.114961	8.218960
8	24.756713	177154.653988	8.216707
9	1.701076	209144.019509	8.213935
10	107.375240	274768.063864	8.211521
11	10.377513	748496.295212	8.208292
12	51.073448	1296188.133724	8.203617
13	58.405731	2538608.330048	8.197695
14	2.640480	2079579.334057	8.191545
15	121.430578	3942145.169115	8.185286
16	25.483333	3291169.765708	8.177665
17	6.530541	3345794.361689	8.168554
18	4.879305	3309745.971025	8.159022
19	2.722136	1817946.348630	8.150725
20	1.089909	1300786.095360	8.144197
21	0.504754	1126865.856975	8.138515
22	12.626570	1512961.436047	8.133047
23	43.390222	736945.165612	8.126885
24	0.028633	756057.740682	8.120142
25	3.018689	1469965.121642	8.111490
26	2.743637	1867727.994910	8.100630
27	3.928683	2405800.284740	8.088241
28	31.596742	3357805.984834	8.074350
29	15.794489	4122817.524240	8.059068
30	1.806812	2653532.526044	8.044884
31	2.422656	2710973.183192	8.032144
32	32.893267	3397179.806976	8.020871
33	5.400127	3876936.530699	8.010415
34	4.551454	3736658.338203	7.998914
35	3.284276	5056515.100017	7.984724
36	13.016056	6560014.161386	7.968626
37	55.468055	9738245.857740	7.951398
38	24.582889	11071060.794810	7.931080
39	33.590263	10845981.167880	7.907629
40	8.827909	9300756.358263	7.883386
41	3.305042	9402525.952589	7.859173
42	7.040297	12369393.998317	7.832944
43	72.220191	18600929.461402	7.802750
44	49.602212	26219592.872205	7.769136
45	39.783007	25083772.495293	7.734788
46	74.941830	28172391.738612	7.699735
47	81.721809	23464580.361043	7.666510
48	13.398154	30680960.773150	7.633199
49	2.743123	35244364.057925	7.598188
50	11.008189	46927114.150062	7.561757
51	20.770276	46009778.061623	7.524797
52	1.855781	34960801.325265	7.490329
53	31.514782	30293286.560537	7.459826
54	6.300795	19600037.910910	7.432834
55	16.036781	19117360.895926	7.407454
56	1.347816	22100932.466014	7.381795
57	23.119152	22669450.847199	7.357485
58	30.194499	26926771.305606	7.334218
59	5.290126	30669559.803403	7.310403
60	10.157159	35919928.946594	7.284045
61	37.687031	49999577.192814	7.256272
62	2.754792	51218193.552205	7.230502
63	4.924406	50300121.103182	7.209037
64	8.600897	79308895.790278	7.194210
65	12.688110	88664717.419636	7.185477
66	44.947315	76470895.686407	7.179098
67	191.753369	72691157.076256	7.175693
68	19.340032	82994255.628603	7.175836
69	0.138258	90822031.891190	7.179568
70	22.334797	112800999.461921	7.189212
71	9.247685	129214730.424779	7.204027
72	1.112177	133607670.081574	7.222797
73	0.415674	129262741.041578	7.242892
74	13.610923	134650217.305461	7.263581
75	51.071761	143702281.883553	7.282961
76	18.173339	140237965.896951	7.297449
77	9.838663	146546929.402723	7.309523
78	103.871231	125339714.132284	7.325497
79	6.955808	178581923.166387	7.359876
80	0.079133	201109250.856204	7.411337
81	0.084905	210028479.292694	7.473378
82	3.417492	210637790.222432	7.540312
83	26.142068	217225363.663197	7.607720
84	13.695036	258871271.262390	7.681617
85	1.364891	292167619.003683	7.772500
86	13.097310	275647745.244956	7.874616
87	9.902552	278258670.666270	7.980306
88	4.996451	288929754.088882	8.090478
89	3.355490	323658550.096520	8.211365
90	29.806988	306276879.553114	8.343831
91	20.018158	271849070.131579	8.474100
92	134.127088	220355670.026300	8.599345
93	4.456970	278630588.344467	8.746700
94	0.823222	308057310.181653	8.920805
95	6.536568	334550918.700796	9.118814
96	86.277614	311183276.559062	9.324803
97	3.328055	284192834.749975	9.527728
98	63.909230	247685389.027133	9.717507
99	0.377550	290722937.800712	9.920344
100	20.570028	300895156.319956	10.143223
101	23.540046	259511825.553004	10.353778
102	198.585106	239890009.741587	10.543431
103	1.552591	237673735.995608	10.724173
104	0.485244	264726130.450180	10.922188
105	0.896231	291564112.320249	11.151047
106	19.537599	308607288.769346	11.399006
107	18.480028	292758450.252209	11.649227
108	0.917789	308317246.232756	11.908357
109	0.029424	313269373.570454	12.182007
110	28.135607	288936733.874961	12.435437
111	7.603446	284268771.719826	12.673256
112	82.344049	311031781.573178	12.918595
113	4.078741	307857316.243992	13.182398
114	0.805261	312967878.144348	13.466647
115	0.980954	336951729.663112	13.777639
116	0.617150	356138558.343677	14.116137
117	1.409399	366869591.657932	14.471418
118	2.443503	411363727.402489	14.856758
119	1.550542	463035084.781139	15.278007
120	4.626983	459692348.213607	15.705273
121	1.900984	517793746.509239	16.159148
122	0.179117	540368909.308852	16.644916
123	0.964876	587521384.233550	17.166634
124	2.223870	638206224.298129	17.746869
125	1.017337	687500953.362951	18.383378
126	0.605048	730265026.171211	19.066538
127	0.505803	746223743.137775	19.786030
128	0.707612	805554966.887205	20.544091
129	1.124682	817742815.990696	21.338124
130	49.758693	741045236.401682	22.138255
131	20.254467	742316547.778645	22.944290
132	0.323409	767028534.194368	23.775826
133	4.287727	785418990.568988	24.662115
134	3.933758	887023236.994699	25.640434
135	29.261688	907031756.817493	26.687736
136	0.544464	929474050.367334	27.779822
137	14.969390	994060227.282300	28.931517
138	1.357034	1054524304.688846	30.152704
139	0.447150	1101396535.213650	31.437640
140	13.574999	1038627910.137173	32.743644
141	23.435737	995658189.802923	34.047975
142	0.027756	1005007550.587183	35.374068
143	2.931623	1027655527.460021	36.748499
144	3.951285	1036764651.215949	38.166841
145	0.673943	1138644353.986144	39.666321
146	2.251956	1257614619.973339	41.279771
147	2.669985	1351506302.663522	42.994479
148	128.546468	1204455415.764196	44.711287
149	3.183906	1192067291.185470	46.430414
150	5.242554	1213634573.234946	48.192801
151	3.512199	1355193390.428529	50.067357
152	0.211618	1388253595.188079	52.039020
153	8.843074	1431134409.474925	54.081773
154	0.880016	1496038618.727326	56.208624
155	4.472502	1530495852.086546	58.409967
156	1.783100	1639917236.475760	60.720565
157	0.857008	1675234525.840822	63.134545
158	93.969391	1650359528.781038	65.593984
159	0.240809	1774645065.124147	68.138626
160	59.572343	1770837772.973421	70.734596
161	0.172781	1743105318.120667	73.373391
162	5.680701	1841572836.190700	76.098421
163	0.141633	1959687461.342806	78.941702
164	5.296800	2310852231.577974	82.006319
165	22.947947	2274424208.328981	85.198041
166	61.661526	2139966601.158409	88.392492
167	41.201217	2090009018.798645	91.565950
168	2.560113	2168764210.468246	94.853193
169	0.051177	2181253974.742327	98.267345
170	3.675626	2441480308.880839	101.883944
171	1.721819	2612568365.411858	105.736493
172	14.777360	2797276464.123441	109.775694
173	12.160611	2942765739.607224	113.973875
174	9.889976	2959965116.815825	118.300838
175	2.959465	3158359132.883192	122.842552
176	0.328903	3229857796.834247	127.590994
177	59.641204	3314451500.740963	132.432648
178	0.703566	3293207389.354299	137.388783
179	1.684933	3372780789.485605	142.539694
180	265.495356	3144982059.656368	147.758986
181	2.462889	3288285461.371465	153.131895
182	19.115146	3232466341.515107	158.657166
183	5.200404	3433013881.785592	164.376403
184	1.074571	3431295996.770761	170.263172
185	2.218466	3740987093.648477	176.414984
186	122.077200	3611749299.364887	182.678889
187	290.919053	3434100830.807305	188.937617
188	646.681481	3197238949.191735	195.121471
189	53.867054	3131721987.644909	201.285439
190	3.336764	3394872939.683465	207.715494
191	0.590045	3444200130.969974	214.387307
192	1.528830	3530144509.289812	221.244882
193	3.089567	3748440297.556951	228.393195
194	0.141313	3790042092.339486	235.760003
195	518.739823	3598675919.487866	243.130874
196	4.143739	3573392932.654695	250.541545
197	37.824596	3585330621.052461	258.056620
198	15.955180	3550036977.014392	265.664998
199	0.177804	3600690987.630347	273.417789
200	1.592813	3742853755.611197	281.411792
201	131.622294	3677493877.633685	289.510811
202	139.661328	3665552349.847615	297.696386
203	16.088318	3704701920.794453	306.017798
204	1.776866	3981252553.223167	314.682480
205	0.166073	4174027388.538210	323.698746
206	0.958359	4298530022.053205	333.014353
207	159.469171	4210133838.479312	342.463074
208	0.813782	4308717387.193211	352.109453
209	3.788453	4376695514.329452	361.982722
210	63.734468	4290622539.152738	371.944513
211	512.770812	4171943642.543700	381.908032
212	181.691913	4133749724.274326	391.907293
213	90.136105	4102039423.089242	401.961363
214	0.142631	4152092468.855021	412.166347
215	49.656723	4037043732.041385	422.427814
216	25.715391	4008633059.827080	432.743237
217	12.024545	4025052505.795834	443.159438
218	4.934571	3986153537.526435	453.672208
219	4.308917	4413442026.896334	464.789917
220	11.060729	4412423487.122572	476.190840
221	1.333231	4594500872.155369	487.911311
222	0.214320	4659323636.728719	499.895926
223	8.251637	4761569337.401196	512.153619
224	1.219341	4771137969.058044	524.603003
225	4.234014	4928616998.153550	537.379444
226	4.821038	4968231559.149734	550.403129
227	383.431777	4898636440.899051	563.501435
228	0.467708	4993123669.214727	576.800758
229	1.322959	5205233501.809291	590.454249
230	58.333182	5151394146.482045	604.273080
231	1168.928965	4935997044.804769	618.008677
232	414.902760	4848114443.750760	631.705741
233	2.245023	5167231038.672883	645.941301
234	0.041738	5207185014.748423	660.484408
235	2.700927	5578837355.700693	675.656981
236	966.550562	5374853407.810018	690.863056
237	135.337690	5277567978.936837	706.060585
238	7.704077	5361186598.436644	721.501351
239	1.742343	5706719379.120463	737.588601
240	255.179933	5646575994.471538	753.854824
241	108.766835	5619804758.994476	770.229611
242	0.569355	5693215741.175790	786.838566
243	0.904826	5938590078.023780	804.002642
244	0.822712	6032488155.102689	821.525666
245	0.559938	6234703300.030849	839.531633
246	0.980193	6477301185.661940	858.077033
247	4.686248	6742528608.500137	877.225202
248	795.764822	6568825982.144327	896.406734
249	4.194855	6696486456.334137	915.907001
250	3.046518	6837932896.525078	935.794231
251	5.365771	6894780235.020414	955.977218
252	427.993381	6792480539.913763	976.248098
253	20.893260	6818283714.409436	996.671618
254	5.527691	7516613211.648812	1018.171212
255	0.205760	7546947142.887450	1040.111873
256	1.257890	7654880220.780433	1062.502743
257	0.397312	7758547453.690578	1085.305891
258	56.333980	7795273886.708349	1108.342848
259	2.236332	7942204461.848261	1131.756483
260	56.349837	8078976374.577301	1155.483702
261	1.769677	8368387259.407534	1179.923950
262	0.559475	8514243136.658804	1204.897570
263	3.662588	8923937381.835745	1230.778813
264	0.288314	8960594306.704319	1257.087326
265	9.279603	9193362556.803560	1283.907965
266	789.134272	9089007910.108438	1310.846834
267	1121.696047	8929977452.051991	1337.793160
268	0.367186	8889770311.772030	1365.009029
269	0.253287	8908976945.408627	1392.613407
270	8751.819271	8695616978.184532	1419.851670
271	1198.104367	8553050111.711657	1447.111430
272	0.328787	8589310321.156744	1474.720688
273	19.995646	8644861118.670656	1502.524823
274	3.200905	9422034705.342522	1531.838477
275	16.074300	9488769142.033823	1561.480568
276	618.934039	9424661379.265028	1591.201890
277	974.082422	9347673754.196373	1620.966370
278	433.554900	9332077077.073608	1650.827904
279	39.080612	9331722482.274849	1680.912586
280	8.603884	9251517728.514769	1711.278580
281	4483.896794	9148082804.909216	1741.429035
282	1229.578070	8995918558.057533	1771.649938
283	0.477672	8953680358.919914	1802.181356
284	2.237509	9064846871.435860	1833.371139
285	0.129600	9273621488.859554	1865.226240
286	1480.682361	9250217923.693132	1896.942127
287	146.744360	9287716367.961422	1928.819084
288	50.028617	9425600241.848648	1960.993308
289	11.008053	9607390689.619881	1993.679643
290	4.143315	10005661829.374760	2027.741723
291	4.587387	10261057516.097370	2062.823717
292	2.712070	10537247397.823435	2098.619102
293	24.765785	10723658716.041897	2134.848130
294	27.950949	10739388832.301891	2171.319467
295	1.649379	10797948500.491011	2208.600461
296	5468.272863	10678370847.314384	2245.558607
297	1.431904	10703062107.875372	2283.019847
298	3.918710	11365111930.241676	2322.474143
299	3.552322	11976161524.988573	2363.389167
300	2.379199	12028529435.085897	2404.683213
301	2.104116	12163755387.807621	2446.744749
302	37.277555	12456348361.831236	2489.621008
303	2669.192673	12408361285.448559	2532.307250
304	108.723067	12390326772.799305	2575.325294
305	1.383238	12781743415.281363	2619.748757
306	2.782184	12865084531.306313	2664.617485
307	58.371509	13031806025.867630	2709.966281
308	2786.575724	13052910250.329674	2755.134082
309	3.105285	13735641271.626530	2802.374543
310	1.623790	13863651768.727455	2849.927273
311	0.296599	13926754038.512262	2898.019854
312	54.306407	14188831102.317030	2946.650627
313	0.632999	14398093732.929659	2996.332019
314	1.914536	14498086878.960684	3046.813075
315	2.968671	14443074703.317707	3097.855269
316	5195.112226	14476766945.329262	3148.587017
317	0.722284	14473165548.279623	3199.886727
318	280.442449	14333240236.306120	3251.479663
319	8.895067	14569947846.579023	3304.243270
320	8.274926	15170928279.825098	3358.893946
321	1.797131	15272748267.589716	3413.923013
322	57.053986	15459806277.795044	3469.547695
323	0.163754	15767716545.134453	3526.439015
324	0.781475	16099101653.141245	3584.455866
325	5.682720	16385982066.757381	3643.323303
326	0.919065	16539647924.172529	3703.062211
327	63.524715	16466409824.121773	3763.138821
328	0.571109	16988712573.425680	3824.930892
329	6.463954	17062645390.603065	3887.244997
330	0.728051	17849346535.830643	3951.864329
331	24.539388	17951896632.682743	4016.653118
332	7134.641591	18095028837.029388	4081.121409
333	22998.478728	19129666664.813946	4144.985030
334	3.055186	19263032223.193329	4210.313107
335	24.406334	19479050268.560944	4276.282112
336	10118.363839	20125320545.165348	4341.613654
337	10023.473582	21053109849.447277	4406.709368
338	6882.920929	21329339326.807129	4471.868430
339	9.339546	21490092813.771362	4538.809592
340	35876.033741	25415531106.690437	4603.894442
341	3091.436350	25725158482.930294	4669.723119
342	195.491768	25750528247.428795	4736.211263
343	11371.462555	27298303970.718304	4801.873627
344	1251.749823	27455794853.247593	4868.234632
345	1406.430498	27827391494.784908	4934.700607
346	5050.528266	28416044878.997902	5001.024925
347	20.661728	28771117804.091785	5069.195913
348	35.714315	29440826786.894367	5141.327645
349	2.313458	29938549953.465633	5215.015118
350	949.459860	29886870618.206417	5287.576136
351	10875.604979	31625395468.725960	5359.385125
352	11859.758547	33427514766.635174	5431.049256
353	11.705444	33814691635.253403	5505.869268
354	28.939804	33919532283.721714	5580.915551
355	28.157632	34309196020.443031	5658.374681
356	1.661626	34410504609.438889	5735.414245
357	5.606045	34537937505.687256	5813.204454
358	6.227000	34556254729.226746	5892.669062
359	34.276811	34899579222.433311	5974.277056
360	1506.964195	35239652998.737755	6054.787005
361	117.676582	35185465598.572472	6136.325929
362	39.193330	35353797403.506943	6219.053547
363	5046.137192	36097087425.265198	6301.095569
364	4.935594	36266339374.866951	6385.785591
365	26.502385	36458118522.433777	6472.810729
366	38607.991780	44420188342.448830	6556.916925
367	6114.146340	45692986811.849037	6642.431766
368	7135.696788	47161252714.668335	6728.184771
369	36.414097	47219110504.769653	6816.325346
370	8036.436555	48890963699.273811	6903.387975
371	26.960036	48895644095.824341	6992.194635
372	114.218833	49005056411.762604	7082.056144
373	21.149709	49527447316.132210	7179.675993
374	30.176215	50009445440.728134	7279.021922
375	1.404883	50141554510.824615	7377.707150
376	943.746539	50286227628.036491	7475.418313
377	26.968890	50409723146.637535	7575.234411
378	9948.802529	52637399258.343559	7673.661622
379	9.929152	52676659422.431183	7774.448984
380	88.148585	53218137365.040283	7882.520309
381	19.672926	53402988817.476715	7988.961146
382	246.075425	53477600815.003700	8094.694414
383	1547.328393	53834525701.372437	8200.637957
384	1104.129646	54022686444.593163	8307.522071
385	23626.850084	59609785802.294197	8413.731608
386	12546.197910	62894112931.573578	8521.208066
387	816.340225	63265755582.988373	8630.588449
388	78.147536	63533974170.179588	8746.517843
389	121.633219	63693285676.238419	8861.897901
390	307.618840	64244341469.537315	8984.610138
391	16.137578	64376475258.731369	9103.771048
392	0.098204	64425914719.589088	9222.945907
393	860.166689	64733127748.039444	9342.409272
394	3.313151	65334792083.259644	9472.646205
395	4631.957668	66129345102.021164	9596.038661
396	6504.380853	67600889644.175659	9719.981891
397	7287.907728	69443778666.630066	9844.725204
398	393.763440	69839327133.047577	9978.156459
399	200.499994	69971054587.823547	10109.562454
400	57.527040	70368603161.734940	10248.054251
401	173.832751	70586525729.573608	10385.248730
402	937.534284	70656608817.419312	10520.458686
403	40925.159989	82274295518.976913	10655.433425
404	36.002412	82284178269.979538	10794.894862
405	27782.194032	91565204369.839966	10933.651720
406	115.477991	91701639424.292999	11080.357015
407	363.378688	91934106609.798065	11229.290816
408	6410.479893	93756434921.209488	11374.863312
409	931.276891	94054736496.776550	11522.516722
410	95.592325	94148594973.149826	11674.401554
411	12635.613932	97995571806.597672	11823.733453
412	9680.735881	101447821844.801575	11974.757232
413	1.601774	101476080167.861084	12130.284146
414	11.824975	101546867571.179794	12288.140897
415	32128.011120	114165551077.880997	12443.963801
416	1.217759	114328824055.056549	12609.631536
417	334.916066	114469194962.732727	12774.956447
418	25522.017558	124164994764.674316	12938.045736
419	1430.487097	124663934615.721497	13105.088113
420	525.010983	124796751416.413742	13276.127909
421	43.714944	124932908178.560867	13449.604798
422	8807.325970	128552142369.574905	13620.905928
423	238.311094	128753373317.243210	13800.963897
424	427.532254	128856938980.066483	13978.898572
425	169.450108	129038080468.155304	14163.100042
426	5398.493248	130893025514.008560	14343.170472
427	215.365795	130964551266.310715	14526.392614
428	287.360607	131194179047.704346	14715.768409
429	189.859035	131486758034.711105	14910.453698
430	62954.062202	161971534220.513916	15101.501562
431	9.399716	162014432171.842285	15301.638753
432	794.099862	162217217491.865753	15505.987415
433	209.298297	162393874576.018555	15712.310623
434	744.181106	162518021409.278656	15919.494586
435	99106.431784	218719440720.752777	16132.071218
436	0.004502	218722163811.757294	16354.440541
437	1029.045794	218812865280.511780	16582.221598
438	8021.211527	223634560434.993286	16807.431544
439	83.048751	223634235343.601044	17037.841672
440	6941.555641	226829001328.212799	17268.709491
441	0.063079	226837501674.055756	17505.373070
442	1745.255410	226905415898.646484	17745.926125
443	59294.179471	265095498380.530823	17988.630292
444	180.312041	265192007958.922089	18240.009654
445	1494.668008	265249754588.203766	18502.818616
446	239.613055	265266476880.340607	18762.031823
447	2490.417244	265371573859.052460	19021.777141
448	1.743258	265364588344.726471	19285.895461
449	433.626550	265387267971.404663	19553.217358
450	2326.585139	265443308083.011047	19828.987180
451	1337.777617	265454614385.598663	20102.594771
452	1969.354306	265485487537.342865	20384.189676
453	109.151635	265510786779.467957	20666.414860
454	235.537372	265520330963.928253	20948.175554
455	74247.868647	315585253912.654236	21236.671323
456	162.799126	315705749152.877136	21534.594588
457	15526.818923	327033975115.625671	21834.841254
458	50135.397330	365205580146.673462	22144.700149
459	2390.925389	365336721748.315735	22476.776287
460	533.916599	365410807930.944153	22806.826677
461	1.048830	365423961567.579834	23137.920354
462	12764.152057	375568338416.418945	23468.090387
463	1077.593460	376203565416.121338	23804.623433
464	2802.310035	376255828577.667480	24149.916133
465	15049.995689	387363293608.374146	24493.367911
466	2492.397865	387418851382.426636	24848.902470
467	1326.387782	387487469559.875549	25210.783189
468	33844.180574	409678205280.118896	25570.604402
469	3594.456524	409683649944.603455	25947.829803
470	1336.523016	409709539979.967834	26320.175230
471	1.830796	409712922709.565613	26699.462754
472	3100.186689	409694232266.288879	27087.644047
473	3560.492316	409643564025.927368	27480.661745
474	413.057946	409638946917.321472	27868.636146
475	489.902446	409791280006.207458	28259.867562
476	71745.078557	466418572318.380798	28664.653505
477	3160.945545	466378235994.070251	29083.466350
478	5187.661235	471153761742.578247	29502.601112
479	664.482264	471137010325.856567	29930.528315
480	357.785374	471115147886.365234	30364.369498
481	140.471677	471105184163.788574	30801.254651
482	3379.467529	472332558925.923157	31239.454854
483	25425.590658	489755625805.484131	31683.891898
484	2115.314681	489739375407.845154	32141.133365
485	3701.795352	489721840161.536804	32610.565918
486	8028.621517	491921587274.201599	33071.877218
487	5678.670168	491858578127.237122	33542.698534
488	3939.513210	491794546723.890015	34021.555219
489	7728.068718	491632451281.466858	34509.976160
490	2187.063465	491591391399.342102	34992.210668
491	3927.702586	491643768992.349915	35476.982121
492	6239.848175	491522514283.113403	35973.786465
493	52529.418661	523402088193.562927	36473.229714
494	3042.786353	523339886526.236511	36983.878556
495	98555.089435	626139192375.059448	37522.161792
496	3793.166298	626039480199.411255	38079.502766
497	850.920257	625958784895.786377	38644.308402
498	151981.945948	801728337143.382812	39252.457251
499	607.460940	801654152870.537964	39881.552958
500	16982.260761	805487371982.908203	40513.605960
501	68300.356347	864206736238.372437	41165.545317
502	10149.923434	863957272975.810303	41832.912083
503	68924.701946	925607092757.556641	42518.077262
504	8008.069300	925363384512.719971	43221.841635
505	38371.054681	974876809178.271729	43936.112708
506	8188.427937	979741566497.109863	44666.151747
507	773.583007	979618008961.463257	45413.085257
508	2069.280058	979538245284.998413	46164.696582
509	14620.781148	978633997532.532104	46956.902421
510	1530.606130	978426511407.391357	47731.510147
511	40253.191533	1020667117194.472900	48507.150879
512	12418.004812	1021033029384.305908	49298.046412
513	1060.879880	1020583183925.899536	50122.203736
514	13992.632359	1020086606328.746582	50938.238570
515	28895.360321	1059656017418.454956	51758.516258
516	2029.170258	1062464242557.794800	52594.602571
517	3512.610064	1062326423389.103394	53443.525581
518	2282.194233	1061957826336.131348	54317.078226
519	107.176746	1061875528559.958984	55184.421482
520	91434.236092	1167556859292.416992	56083.571071
521	38592.827831	1209033870897.402588	57007.908945
522	12604.539010	1208690132635.545166	57950.792517
523	14401.222843	1208108997996.333496	58913.744411
524	507.169973	1207786766692.338623	59888.215520
525	21673.955486	1240132082891.148926	60861.008584
526	433.266388	1240045306840.054688	61855.416439
527	2695.900019	1239942204007.864258	62858.267127
528	112636.518618	1365923427675.324951	63905.863956
529	8002.799589	1365681977538.368652	64973.622544
530	625.364248	1365330092290.780762	66064.009529
531	12279.605893	1364622969568.417480	67168.463065
532	6805.102225	1364405124215.430176	68268.058434
533	24977.919496	1363522448775.681396	69387.913390
534	4832.833456	1363229460057.358154	70511.281978
535	67886.932596	1459747020706.704102	71663.934535
536	8542.487972	1459181566714.678223	72856.011446
537	6195.185401	1458477637168.034912	74057.997841
538	762.340539	1457940622755.868652	75269.202631
539	18793.838571	1456600316855.188232	76514.860442
540	26810.608992	1464948042699.592773	77724.690021
541	81892.087690	1556133462974.392822	78976.446442
542	23849.732742	1555423879458.764160	80250.586297
543	71452.724126	1629658627554.531738	81556.220120
544	19256.494273	1629065339106.516602	82885.793178
545	16266.454189	1649728611969.008057	84226.835597
546	16504.962570	1648995722095.896973	85603.974830
547	6480.978958	1648429180289.869873	86991.032952
548	333.534373	1648290142163.635498	88384.948707
549	29266.816178	1647257026552.320312	89794.919699
550	3383.351460	1646959740787.744141	91210.468648
551	24567.365790	1646024221797.668701	92651.112972
552	441.900824	1645896742853.728760	94086.027847
553	43615.276611	1644281790323.924316	95557.818809
554	254.970494	1644291752316.821045	97009.124099
555	34211.881177	1644108744491.239502	98472.959764
556	31237.796040	1643492928695.671143	99955.576984
557	12602.215119	1642824935205.720215	101454.771760
558	11137.101022	1641764486139.974609	102985.294244
559	31357.248106	1640943483363.087158	104507.097441
560	342.590290	1640617011572.469238	106038.037946
561	37279.615637	1639490290393.251953	107564.549568
562	29540.190897	1687144407743.204834	109116.983258
563	49882.171841	1725812864681.236816	110707.862033
564	15065.211394	1725512650910.979980	112324.617550
565	62493.674682	1723717542804.067383	113990.905106
566	59874.708991	1722381652560.809326	115617.904622
567	18473.176793	1727911136498.529785	117258.256330
568	35293.201599	1727890569665.653076	118918.759090
569	15825.353943	1727805586038.776611	120591.702781
570	50427.075199	1727454264721.360596	122289.611819
571	117.064855	1727164995930.330322	123985.019656
572	1871.667513	1726348322098.920166	125711.924635
573	1258.241387	1726429380060.478760	127437.206445
574	42977.967872	1726144866057.690918	129184.797002
575	51744.222466	1726465774337.923096	130934.036127
576	70132.892000	1770992463540.546875	132697.426598
577	16178.137329	1773185389925.862061	134479.821779
578	28217.021127	1771796228260.993164	136290.825260
579	29657.754369	1771691874722.766357	138110.225788
580	5944.806120	1782441446268.622803	139930.457872
581	46210.211533	1782131480652.494873	141772.935849
582	23293.082642	1782435111024.979248	143629.528314
583	71305.532758	1781260827233.380615	145543.222093
584	14166.736953	1780138239792.953613	147443.906335
585	43904.608838	1780243493104.009277	149341.736173
586	37318.637528	1781172105044.448486	151227.475018
587	51380.814541	1784311602051.048584	153128.800743
588	144205.542434	1800239563095.889648	155052.275921
589	33087.295686	1800174464925.021729	156982.883288
590	63551.869625	1804357375092.268066	158936.931288
591	5218.003746	1804001158915.476562	160894.883740
592	3715.482157	1803815840358.418945	162869.676419
593	15112.418350	1805664186666.388184	164851.926749
594	60001.384053	1806923865644.917725	166867.200754
595	68050.267463	1817295662948.382812	168883.666924
596	15357.529654	1814880854996.408447	170937.823597
597	59106.868147	1815258115531.953857	172975.911876
598	2776.541638	1819847903706.998779	175025.973883
599	11231.698287	1820396262782.717529	177100.627229
600	22039.214859	1822172253987.217529	179184.244085
601	6079.940949	1821965872785.707275	181290.526878
602	20406.444735	1845238405075.277100	183406.665802
603	61087.622535	1845256801142.042236	185572.134430
604	8828.796365	1840327371131.876709	187772.807099
605	44545.711681	1841076194520.465088	189932.292689
606	122280.129892	1972792700053.893311	192150.707058
607	81016.928219	1976663774240.048584	194399.430497
608	35897.190481	1976688233281.513672	196678.696949
609	21180.874368	1975796087876.211914	198966.171100
610	27550.601555	2016043054252.989014	201232.314357
611	114135.785876	2118722279180.265625	203594.197686
612	150953.371489	2205243502381.941406	206042.912364
613	6648.047165	2215263959195.267578	208502.337809
614	20790.152888	2238874181501.728516	210992.960783
615	74367.061648	2243560198097.562988	213514.050487
616	28114.459483	2237977982422.956055	216073.636120
617	39981.329972	2238109274443.043945	218656.730211
618	0.017848	2237134980827.780762	221202.370819
619	83403.612428	2238159601478.443848	223805.611510
620	105288.294300	2242878865193.529785	226355.660277
621	11670.559393	2243877902391.198730	228926.046752
622	94050.023419	2248893596690.645508	231523.467883
623	257579.229047	2456285766104.733887	234280.314824
624	100510.588413	2465684094897.358398	237036.784521
625	41671.181739	2476016612773.200195	239812.977794
626	15956.833786	2471531896938.634277	242614.381258
627	66900.240619	2475041578196.771484	245436.978081
628	388083.029234	3147720133222.815918	248685.663164
629	87300.352880	3153005970069.274414	251941.475234
630	78048.403835	3146326584275.645020	255272.279408
631	36416.027740	3144972492679.697754	258569.319104
632	206.464494	3143760850847.388672	261867.263569
633	297.532303	3140057869715.440430	265209.375769
634	16844.530569	3132726513981.471191	268591.679585
635	98348.329321	3135328675424.325195	271915.170945
636	139460.974572	3355975081518.133789	275372.163864
637	134782.988722	3370798113143.120117	278885.272798
638	92737.707977	3376606587614.044434	282433.504900
639	54012.134329	3379362808401.327637	286007.013225
640	127426.290758	3387491658874.367676	289613.021099
641	57037.228411	3390451726058.090820	293232.546373
642	99195.445887	3394294315368.451660	296870.613537
643	0.226986	3388377603924.654297	300518.887891
644	134625.042668	3400812542422.078613	304194.073926
645	303207.736634	3606237995957.545898	307938.962023
646	25425.124909	3608383146248.801270	311673.522800
647	34012.644847	3612382368715.298340	315445.031020
648	70875.621024	3621779926035.534668	319250.158036
649	82768.280345	3642584413778.807617	323081.880862
650	27296.678357	3647206893827.966309	326960.998770
651	254421.436875	3694390569593.456543	330910.330430
652	232564.766145	3712293324723.081055	334886.973151
653	152903.114695	3716205349550.803711	338901.602122
654	71313.343440	3718447271774.300293	342959.378860
655	3159.038676	3728635616227.555664	347012.127964
656	243705.131393	3738065622474.668457	351129.335911
657	143917.585863	3738209825771.822754	355265.875711
658	40703.704916	3739886568235.361328	359495.921852
659	139084.836927	3753695776649.456055	363688.096529
660	1826.408695	3752431352098.614746	367865.977122
661	117880.404928	3987846172172.737793	372218.342261
662	144393.780164	4031814809800.981445	376660.357845
663	44643.842325	4031323241699.916504	381172.503439
664	120311.576205	4038134713696.549805	385678.420753
665	779111.951030	4408822488838.520508	390612.131298
666	0.284975	4400795721503.837891	395438.609190
667	27781.490407	4402719331198.480469	400284.890852
668	3397.346731	4402014696353.915039	405189.401924
669	13699.605645	4402940913067.350586	410058.688251
670	50976.974730	4408524783804.016602	414975.286585
671	461169.141196	4571237227995.592773	420104.754308
672	351671.760954	5010496520165.335938	425520.592935
673	63887.684317	5021396278074.408203	430940.497352
674	0.005459	5018385664044.270508	436418.453090
675	66500.738376	5204910088102.538086	441969.339635
676	98968.996160	5186914627487.613281	447600.266700
677	104045.116018	5186073825778.969727	453276.855692
678	19753.130599	5180853794411.453125	459016.324560
679	7738.943103	5172648012222.538086	464770.435422
680	345524.228844	5210902150219.600586	470624.622781
681	14449.002225	5209401771724.797852	476473.809680
682	195280.891333	5215910076924.043945	482396.448791
683	310997.856640	5220798746750.570312	488333.038465
684	172703.805699	5224453669761.565430	494371.493729
685	68053.528161	5231528477503.829102	500361.784259
686	50706.627539	5223432138689.788086	506468.707621
687	616.856554	5223421028441.943359	512535.486699
688	543715.150601	5267678079990.798828	518729.308965
689	0.290971	5252072959607.689453	525016.835015
690	13526.195746	5256830269983.227539	531166.301491
691	244070.205490	5269918547938.758789	537397.835913
692	8670.084112	5276215779128.145508	543611.651536
693	542286.249611	5429156406452.989258	550120.371586
694	294202.203923	5452817625177.612305	556589.004637
695	11249.707535	5449900714208.305664	563084.562167
696	275316.113151	5573046931093.208008	569736.339800
697	359916.151813	5597635443791.437500	576391.474052
698	99057.304148	5603803228611.323242	583124.145083
699	8945.222770	5596222316488.243164	589934.075562
700	757047.476913	7489617833537.154297	598047.744373
701	77950.896343	7497807489555.125977	606067.543478
702	178100.539013	7506766086030.881836	614137.968813
703	210618.876773	7533893258094.735352	622271.405408
704	129034.581863	7555528265096.343750	630470.105024
705	299542.503265	7579418331399.848633	638833.848283
706	208519.099506	8058497493350.883789	647425.607967
707	82221.615486	8073090296577.622070	656080.297106
708	1036.703982	8070479637548.774414	664815.168012
709	157331.508298	8089435635976.041016	673647.946541
710	109839.312206	8334775424481.479492	682640.089863
711	44874.321830	8337967863514.855469	691720.874695
712	312360.145757	8379841437152.073242	700958.238773
713	28442.459560	8386563669254.463867	710148.730665
714	102096.763261	8399568413875.870117	719412.343647
715	1348.634646	8382859382929.469727	728851.449729
716	54.919664	8369575977752.561523	738312.566114
717	199838.419003	8412302279944.744141	747703.017193
718	166155.348201	8438588353456.081055	757260.759403
719	210705.085736	8474227722521.942383	767040.595518
720	359402.846595	9367267421323.097656	777140.167188
721	90503.655487	9385949514641.798828	787307.028310
722	373480.648678	9471648017193.992188	797488.021456
723	16038.435155	9474613321029.357422	807835.055443
724	62656.574007	9492614888878.998047	818182.770186
725	1042706.547593	9604132118010.798828	828967.273862
726	0.701230	9602112775589.261719	839667.755137
727	538900.651259	9731476778130.763672	850326.285461
728	276601.103680	9806673365951.046875	861145.925765
729	25252.955219	9816613074625.937500	871999.839524
730	2023422.500711	12379048740590.470703	885428.149186
731	45194.382037	12389623527398.146484	898088.546262
732	307786.166483	12441121511626.345703	910830.626457
733	526980.803627	13897814680616.855469	924648.894514
734	111022.222135	13903305140110.535156	938452.445137
735	12853.061889	13901052889357.222656	952573.061458
736	271381.215306	13945155518575.964844	966555.671841
737	555453.837130	14050474943936.363281	980621.329068
738	34724.409629	14063100557951.238281	994818.613295
739	0.002597	14062721748761.132812	1009135.285462
740	379178.259277	14300463458612.703125	1023823.510373
741	536841.672308	14419307055306.490234	1038551.960388
742	12086.729787	14426221555706.078125	1053390.634978
743	21.507657	14418346674553.054688	1068339.958319
744	0.095334	14422183449222.638672	1083583.532558
745	305569.293750	14512920024937.253906	1098899.628701
746	1078285.768680	14521669623599.441406	1114244.314807
747	285074.023730	14653996660839.818359	1129732.212189
748	140568.197438	14972306830179.513672	1145496.747806
749	61444.689237	15008946905881.318359	1161626.192772
750	1714225.811904	15777209828179.853516	1178789.706775
751	156275.747804	15964021262885.537109	1195558.753800
752	273128.466233	16098687143259.833984	1212605.708446
753	383661.093575	16165419763496.820312	1229899.154929
754	156209.754112	16195430039681.597656	1247096.263593
755	406372.289744	17513954404842.646484	1265344.986431
756	1231485.267475	19040655723607.906250	1285091.374220
757	103487.972370	19217608181554.859375	1304534.198467
758	67253.642540	19234727477329.660156	1324349.399561
759	898985.276941	19321704872628.351562	1344009.096102
760	687019.995049	19417706538561.792969	1363889.376855
761	2347623.638054	21485856075101.332031	1386308.806187
762	266430.434202	22168075301450.878906	1408175.884101
763	420617.785505	22196097949515.863281	1430369.418776
764	107050.733860	22212697596560.160156	1452545.023646
765	166529.528083	22245488068761.820312	1474940.349600
766	1217394.967094	22905144165423.855469	1498232.563080
767	438809.347020	24604883873970.542969	1522269.905835
768	10407.218389	24632172366433.574219	1546380.408991
769	82511.579801	24623426141159.578125	1570724.641703
770	163245.697093	24606766136734.375000	1595300.358909
771	1343174.397035	25306400548571.910156	1620995.775449
772	105428.259306	25424994583612.046875	1646411.680202
773	431597.226184	25413592446997.425781	1672025.432841
774	828926.011318	25434533132968.515625	1697956.759413
775	947575.936358	28768535709758.941406	1726267.937980
776	109574.097688	28763305649785.355469	1754358.369377
777	57347.681210	28791435709812.914062	1782681.022440
778	3713.551030	28801024187849.324219	1811251.215558
779	1890.001399	28802922093655.800781	1840156.205676
780	865172.818777	29792578850406.117188	1870137.521289
781	1816940.308062	33320104834855.656250	1902743.552458
782	603863.824517	34689032206959.191406	1935409.681356
783	125682.444629	34630639851009.113281	1968174.480754
784	140167.364584	34593367517092.894531	2001132.890990
785	2441.685061	34567808270686.574219	2034622.148291
786	405174.600494	34478089937921.785156	2068244.333371
787	980624.004077	34322454967164.468750	2101877.551904
788	78431.362500	34309951962257.644531	2135864.197221
789	0.012508	34310254314458.558594	2170186.914152
790	780.135516	34318320536176.843750	2204945.259113
791	1135752.943066	35992042560572.875000	2241217.546287
792	2604236.232992	41013107665113.851562	2281183.646445
793	19053.491828	41021220611640.281250	2319799.183686
794	393625.241736	40901253087660.460938	2358560.881488
795	1835526.101225	41407872725784.093750	2398627.690139
796	884130.372358	41633724346908.148438	2438694.373670
797	690115.292834	41474462691882.906250	2478881.532894
798	51444.195131	41443730178261.500000	2519346.274747
799	1181217.915775	41114498406202.617188	2560193.286950
800	1067214.722345	42434438125390.609375	2602487.049172
801	1146727.249615	42595189784496.343750	2645062.377831
802	199961.593526	42579219740073.039062	2687547.960309
803	227639.385589	43774300230999.132812	2731025.539778
804	809747.380027	44089944640500.726562	2775337.409313
805	3197618.203537	47791220412128.031250	2823444.758328
806	94017.711901	48201406070748.539062	2869844.622559
807	54397.321277	48180918344168.406250	2916687.830798
808	0.775339	48158654055323.515625	2964305.836205
809	1634685.936752	47392895425967.453125	3011893.365477
810	387958.882261	49290635907326.609375	3060942.474146
811	4087178.206967	55066926940873.148438	3115820.963552
812	3849092.029388	67841330646875.906250	3176450.056251
813	1215536.032119	67119658050566.968750	3234179.992488
814	285763.779556	67219071045111.507812	3292361.057224
815	940998.440285	66502169512181.203125	3351107.566853
816	2044870.706407	67219674291752.921875	3411706.621094
817	230813.495842	68432173748814.265625	3472301.909182
818	2075394.000502	66860968758498.703125	3533603.824324
819	889303.232856	66307206091770.703125	3595398.960045
820	856233.855707	65973162604631.164062	3657621.572240
821	221321.181059	65877370175518.132812	3720184.262494
822	2411699.116414	66535949673464.226562	3785124.082025
823	17353.842214	66434783454477.468750	3849300.784779
824	1107612.299351	66030871415478.054688	3914072.084326
825	4895763.541937	70214082751874.890625	3984777.385352
826	2076662.312741	70185034578926.609375	4053241.219807
827	660637.945582	72010753238531.203125	4122321.779177
828	1408260.229267	71000094303258.921875	4191686.550804
829	120592.784997	70932103434769.359375	4261415.300338
830	832862.219984	70498009707460.718750	4331901.757500
831	2280.202469	70457142186171.250000	4402721.239938
832	1795199.352073	69501846556470.257812	4474384.283123
833	8168715.135688	73577350379142.140625	4555167.173011
834	508749.457900	73507972435488.796875	4629507.655943
835	2014215.777733	74558678942922.171875	4706359.467660
836	2411471.142487	88875999570760.812500	4791632.141318
837	4403656.679855	97926221773294.031250	4883101.451254
838	577386.440844	97249751707969.406250	4971038.944918
839	2368053.324252	94994577305947.578125	5059585.823511
840	561250.163029	94456958920819.718750	5148671.791496
841	1173617.297057	93473345218063.640625	5238531.118112
842	1539272.280045	92397104661408.218750	5328794.600993
843	554017.915182	95803555310034.859375	5421359.657651
844	35866.702315	95818277994447.718750	5514231.519161
845	5530628.729819	116852736746780.296875	5624385.209911
846	1409173.724602	122231893012226.078125	5731697.636833
847	0.337136	122184926543714.234375	5838571.229265
848	576250.824078	126691000559291.937500	5948656.626180
849	1061103.462732	125513147261457.546875	6059520.698231
850	4522354.159894	149735681421772.937500	6186877.811718
851	593156.158617	156665939937628.781250	6312161.651885
852	1467738.475168	162620582972756.281250	6442199.802835
853	872979.998491	169566386279918.937500	6575317.434847
854	4747193.447163	163075402790204.000000	6710328.501963
855	596494.805761	162327039651546.000000	6845113.468997
856	694503.840631	169530359306869.781250	6983862.251284
857	979746.174550	171268948818792.593750	7125056.137875
858	1458723.516926	174172061576024.968750	7269390.389919
859	7712122.648660	166658129544497.812500	7415831.676283
860	3487837.746915	164768244262746.812500	7560835.601822
861	415635.373310	165650464107621.812500	7705889.435543
862	1043320.024918	165183123798484.562500	7852304.759623
863	98739.754837	165130066675486.843750	7999857.100550
864	162171.701801	165085584404125.375000	8148356.259987
865	254652.656893	164985823394820.250000	8298515.807066
866	3594609.008046	170552741753825.437500	8457671.705988
867	15586818.873783	247858520895062.187500	8671531.550561
868	8323842.783580	247791499950228.406250	8869158.510104
869	4277370.062347	242062769850199.750000	9060267.351823
870	9088499.418890	234347745300842.843750	9254442.756329
871	5411949.831840	282604702676115.750000	9472892.121606
872	6565155.718979	370293645935201.312500	9725769.097218
873	174636.933801	370059069444717.750000	9969202.351655
874	1629976.282325	368045552271032.187500	10216716.054120
875	6295917.484908	413608028714815.312500	10492448.780655
876	620210.072937	412616022874628.437500	10760447.320060
877	2190165.362833	409453645190195.500000	11031130.463250
878	6417504.850752	451138424121757.437500	11329449.067003
879	5304183.913366	451173009297904.062500	11626263.824362
880	3179879.079158	445945281048935.187500	11920455.274025
881	548124.985550	445125560217637.187500	12216665.425026
882	18793862.331609	454250749590831.375000	12550527.600928
883	437493.829165	455606118226821.937500	12857052.739479
884	9320898.296601	444063991946858.750000	13174486.703810
885	812551.220422	443095614972673.375000	13485821.138214
886	2813.034172	443114618959213.500000	13800489.330064
887	396476.198871	442665583220708.687500	14118246.155720
888	2488553.402568	440087241799307.312500	14440812.209447
889	357834.179199	439756257525802.375000	14764154.984555
890	287428.632663	439513564683497.812500	15091597.151421
891	184103.290778	439361104792783.187500	15421995.375773
892	12543441.403454	433348754919217.250000	15773400.385892
893	7018046.011539	455786519978024.500000	16133523.058919
894	9803205.637714	448071263190292.437500	16489863.098939
895	39079179.159008	440523520936827.125000	16905778.773629
896	3319114.940781	508321592804815.250000	17286187.702249
897	52984500.467282	816020427695319.750000	17906021.450613
898	3834460.883097	866724542707525.500000	18413144.189378
899	6341690.446259	845932139335814.250000	18921840.937337
900	1469765.637387	841551123829727.000000	19430608.273741
901	184024.763501	848553886401139.125000	19946223.797662
902	26601976.678848	906873151069954.375000	20551827.457683
903	42565460.130126	973562870654087.500000	21222007.497903
904	16860220.997521	912349614731186.500000	21808514.318179
905	1520526.015272	907913499820078.000000	22379195.821503
906	528697.126074	929064324458372.000000	22960162.619489
907	0.111428	929074369869816.625000	23548344.101495
908	73378069.938729	952746842678982.250000	24349455.033703
909	99742515.823985	1021535246939336.875000	25070397.847990
910	531535.191880	1043102548285357.250000	25621272.909158
911	0.416246	1043142110162099.375000	26181480.241553
912	36242542.411239	1064874591911507.750000	26831998.838534
913	38951587.708039	1059294862942067.625000	27512006.878116
914	21812448.933029	1063358835804216.375000	28145522.393944
915	88140499.331755	1068120549583712.125000	29072823.005533
916	220271.186104	1077611312861217.875000	29728319.791112
917	5222547.005862	1093393225049176.375000	30397981.465380
918	39951656.895822	1104429251184163.750000	31164168.169519
919	65055774.738635	1515402648798740.250000	31902410.615721
920	15335410.062150	1491281019150036.500000	32597365.795326
921	7350215.741412	1554437652855805.500000	33258996.353055
922	31031723.663126	1554051829421297.000000	34008927.024610
923	4110634.580603	1743174350940120.750000	34756175.703446
924	24451972.406489	1711322711270111.000000	35611338.064492
925	53528653.452108	2256436611813240.000000	36446512.943392
926	12737449.225686	2225599351921583.750000	37262380.318683
927	0.631269	2225562295698753.750000	38055599.244424
928	19969672.752216	2233619288712210.500000	38916061.534505
929	24935341.268965	2556925129438952.500000	39757992.818981
930	13031733.432499	2564690773343785.500000	40619691.907379
931	6557323.341392	2658315159109206.500000	41473865.580659
932	1990572.034704	2687351853304838.000000	42342360.901479
933	1801513.082987	2762385975583129.500000	43264250.609259
934	8280838.215526	2733117177501098.500000	44233612.100636
935	3286873.787734	2781070717763631.500000	45203491.878442
936	3436634.646125	2831861242021228.500000	46192636.853978
937	7106854.629212	2880655261514463.000000	47208216.822508
938	6441806.073304	2855832899847082.500000	48278210.229406
939	870932.168225	2868771615777976.000000	49348092.696078
940	18463265.219640	2795369001457914.500000	50515653.962136
941	299422.871801	2799681294486849.500000	51651351.110105
942	13306245.787242	2753156241313288.000000	52875404.153791
943	3776202.527518	2765182124876206.500000	54080507.120177
944	17544480.279577	3015957555735157.500000	55296796.083240
945	1550140.769349	3045229777539018.000000	56570909.153914
946	161099.266089	3047680143948250.500000	57864259.778740
947	14757824.401857	3276098029053645.500000	59173018.867744
948	0.625171	3276279480522440.500000	60524436.630364
949	120016.435932	3278298573130043.500000	61901286.371818
950	10068110.340631	3450025933292206.500000	63455579.580010
951	34657573.326923	4032416292527740.500000	64958510.805954
952	20942461.159491	4009280333759708.000000	66570787.874104
953	66710845.391955	5382649431902714.000000	68111464.579488
954	52636056.896069	6711041835990182.000000	69753487.533678
955	26686720.366461	6422097750824132.000000	71668172.786503
956	38449829.078807	7059384691137559.000000	73511831.047206
957	59649942.939190	8860029957998027.000000	75367224.149741
958	77883640.290915	8479872651823696.000000	77520199.283525
959	0.311858	8479583307958161.000000	79658628.603494
960	76261912.475641	11099829088796958.000000	81706228.584682
961	48177093.317037	12990026859906890.000000	83987824.615196
962	31314794.127172	14314309846095176.000000	86463003.769304
963	0.547530	14314656115299756.000000	89174057.997944
964	6589391.773687	14603895461111330.000000	91981204.735377
965	50240855.379697	16912155077103180.000000	94777623.524174
966	53575173.007776	15888479699683128.000000	98022481.450444
967	22586321.007073	17600426770229608.000000	102033297.349330
968	3453191.289336	17903504106661480.000000	106171872.678912
969	0.861830	17903224968112282.000000	110439044.493231
970	12757059.329688	19119938979587352.000000	115258345.378270
971	241729767.857409	26155395044189644.000000	119122658.225570
972	93843788.504616	27993032410243428.000000	124131688.941754
973	0.537481	27993195280705668.000000	129799014.103517
974	0.361250	27993200413228368.000000	135687821.234897
975	2155771.080434	28139889742445480.000000	141861565.409396
976	223813768.767034	42292028578496448.000000	146907651.030782
977	13617002.524946	43720180757241616.000000	154863249.621465
978	2844808.818564	44039921790440872.000000	163187370.373023
979	0.541817	44041015476791688.000000	171852949.511694
980	389196076.939838	79390665166390256.000000	177962469.972747
981	757002789.892860	181724327063241920.000000	183523003.446503
982	662686455.177486	307755866418233920.000000	194165936.191276
983	8303715.338748	308733327718831936.000000	215746899.992939
984	0.351697	308735432690335552.000000	239749837.259175
985	2266778.237956	309013264546741440.000000	266307338.178877
986	7078106.698788	310548212742557440.000000	295241340.287578
987	11736097.210615	312093080908883136.000000	326622330.024899
988	2079326246.904931	930559877323750912.000000	330358429.757034
989	941804956.419886	1320974417147497472.000000	372927570.040622
990	0.144950	1320976266808228608.000000	447901471.297133
991	0.204260	1320979163437391616.000000	533447721.041991
992	5367938.865694	1321654460387234304.000000	629793555.787654
993	8450864794.908127	6462885406713001984.000000	536444860.854432
994	173211857.455573	6565111253634473984.000000	748431186.439644
995	2.068447	6565115783003353088.000000	1018080115.574541
996	6678505.798130	6565659863731832832.000000	1340550787.088678
997	656396017.698859	6872255804641777664.000000	1684266434.969437
998	0.764372	6872260374011534336.000000	2117459614.009189
999	99865958.382013	6952386935864154112.000000	2599952300.513556
